Spatial_Data/Zonation/functional_diversity.asc
ncols         303
nrows         253
xllcorner     -19187.9811
yllcorner     3899999.9999
cellsize      3800
NODATA_value  -9999
[rows 93 to 123 of 253, columns 136 to 203 of 303]
0.5291369 0.3450157 0.3450157 -9999 -9999 -9999 -9999 -9999 -9999 0.1768216 0.1768216 -9999 -9999 -9999 -9999 -9999 -9999 -9999 -9999 -9999 -9999 -9999 0.3892538 0.3892538 0.3961377 0.3961377 0.3961377 -9999 -9999 -9999 0.05550682 0.05550682 0.2448887 0.2448887 0.2448887 0.6578482 0.6578482 0.3632499 0.3632499 0.3632499 0.2915854 0.2915854 0.2915854 0.2158111 0.2158111 0.2714246 0.2714246 0.2714246 0.2480396 0.2480396 0.2480396 0.2743234 0.2743234 0.1058773 0.1058773 0.1058773 -9999 -9999 -9999 0.1504029 0.1504029 0.2795573 0.2795573 0.2795573 0.4609035 0.4609035 0.2075085 -9999
0.5291369 0.3450157 0.3450157 -9999 -9999 -9999 -9999 -9999 -9999 0.1768216 0.1768216 -9999 -9999 -9999 -9999 -9999 -9999 -9999 -9999 -9999 -9999 -9999 0.3892538 0.3892538 0.3961377 0.3961377 0.3961377 -9999 -9999 -9999 0.05550682 0.05550682 0.2448887 0.2448887 0.2448887 0.6578482 0.6578482 0.3632499 0.3632499 0.3632499 0.2915854 0.2915854 0.2915854 0.2158111 0.2158111 0.2714246 0.2714246 0.2714246 0.2480396 0.2480396 0.2480396 0.2743234 0.2743234 0.1058773 0.1058773 0.1058773 -9999 -9999 -9999 0.1504029 0.1504029 0.2795573 0.2795573 0.2795573 0.4609035 0.4609035 0.2075085 -9999
0.2804849 0.4083718 0.4083718 0.7694475 0.7694475 0.7694475 -9999 -9999 -9999 -9999 -9999 -9999 -9999 -9999 -9999 -9999 0.1116212 0.1116212 0.1116212 0.1449053 0.1449053 0.1449053 -9999 -9999 0.2214866 0.2214866 0.2214866 0.1653671 0.1653671 0.1653671 -9999 -9999 0.2447523 0.2447523 0.2447523 0.6109638 0.6109638 0.4805474 0.4805474 0.4805474 0.2557898 0.2557898 0.2557898 0.2579048 0.2579048 0.2633615 0.2633615 0.2633615 0.331084 0.331084 0.331084 0.1103304 0.1103304 0.310468 0.310468 0.310468 0.2425291 0.2425291 0.2425291 0.2018459 0.2018459 0.3173853 0.3173853 0.3173853 0.3767621 0.3767621 -9999 -9999
0.2804849 0.4083718 0.4083718 0.7694475 0.7694475 0.7694475 -9999 -9999 -9999 -9999 -9999 -9999 -9999 -9999 -9999 -9999 0.1116212 0.1116212 0.1116212 0.1449053 0.1449053 0.1449053 -9999 -9999 0.2214866 0.2214866 0.2214866 0.1653671 0.1653671 0.1653671 -9999 -9999 0.2447523 0.2447523 0.2447523 0.6109638 0.6109638 0.4805474 0.4805474 0.4805474 0.2557898 0.2557898 0.2557898 0.2579048 0.2579048 0.2633615 0.2633615 0.2633615 0.331084 0.331084 0.331084 0.1103304 0.1103304 0.310468 0.310468 0.310468 0.2425291 0.2425291 0.2425291 0.2018459 0.2018459 0.3173853 0.3173853 0.3173853 0.3767621 0.3767621 -9999 -9999
0.2804849 0.4083718 0.4083718 0.7694475 0.7694475 0.7694475 -9999 -9999 -9999 -9999 -9999 -9999 -9999 -9999 -9999 -9999 0.1116212 0.1116212 0.1116212 0.1449053 0.1449053 0.1449053 -9999 -9999 0.2214866 0.2214866 0.2214866 0.1653671 0.1653671 0.1653671 -9999 -9999 0.2447523 0.2447523 0.2447523 0.6109638 0.6109638 0.4805474 0.4805474 0.4805474 0.2557898 0.2557898 0.2557898 0.2579048 0.2579048 0.2633615 0.2633615 0.2633615 0.331084 0.331084 0.331084 0.1103304 0.1103304 0.310468 0.310468 0.310468 0.2425291 0.2425291 0.2425291 0.2018459 0.2018459 0.3173853 0.3173853 0.3173853 0.3767621 0.3767621 -9999 -9999
0.4226707 0.5933945 0.5933945 0.6900506 0.6900506 0.6900506 0.41692 0.41692 0.41692 0.1847434 0.1847434 -9999 -9999 -9999 0.7244692 0.7244692 -9999 -9999 -9999 -9999 -9999 -9999 0.06806713 0.06806713 -9999 -9999 -9999 0.3700453 0.3700453 0.3700453 0.294139 0.294139 0.02853855 0.02853855 0.02853855 0.5594585 0.5594585 0.3146226 0.3146226 0.3146226 0.1083514 0.1083514 0.1083514 0.07882261 0.07882261 0.1070335 0.1070335 0.1070335 0.1840111 0.1840111 0.1840111 0.1520722 0.1520722 0.2628576 0.2628576 0.2628576 0.1617284 0.1617284 0.1617284 0.1074043 0.1074043 0.4876969 0.4876969 0.4876969 0.3932055 0.3932055 -9999 -9999
0.4226707 0.5933945 0.5933945 0.6900506 0.6900506 0.6900506 0.41692 0.41692 0.41692 0.1847434 0.1847434 -9999 -9999 -9999 0.7244692 0.7244692 -9999 -9999 -9999 -9999 -9999 -9999 0.06806713 0.06806713 -9999 -9999 -9999 0.3700453 0.3700453 0.3700453 0.294139 0.294139 0.02853855 0.02853855 0.02853855 0.5594585 0.5594585 0.3146226 0.3146226 0.3146226 0.1083514 0.1083514 0.1083514 0.07882261 0.07882261 0.1070335 0.1070335 0.1070335 0.1840111 0.1840111 0.1840111 0.1520722 0.1520722 0.2628576 0.2628576 0.2628576 0.1617284 0.1617284 0.1617284 0.1074043 0.1074043 0.4876969 0.4876969 0.4876969 0.3932055 0.3932055 -9999 -9999
0.3012126 0.4667802 0.4667802 0.3038982 0.3038982 0.3038982 0.1850955 0.1850955 0.1850955 0.7848069 0.7848069 0.3438156 0.3438156 0.3438156 0.6354151 0.6354151 0.2763163 0.2763163 0.2763163 -9999 -9999 -9999 -9999 -9999 -9999 -9999 -9999 -9999 -9999 -9999 0.2319198 0.2319198 0.1450349 0.1450349 0.1450349 0.2293056 0.2293056 0.1774866 0.1774866 0.1774866 0.2060118 0.2060118 0.2060118 0.1967775 0.1967775 -9999 -9999 -9999 0.3623241 0.3623241 0.3623241 0.3710095 0.3710095 0.3373407 0.3373407 0.3373407 0.3115251 0.3115251 0.3115251 0.2212163 0.2212163 0.3649973 0.3649973 0.3649973 0.2603971 0.2603971 0.3434827 0.3434827
0.3012126 0.4667802 0.4667802 0.3038982 0.3038982 0.3038982 0.1850955 0.1850955 0.1850955 0.7848069 0.7848069 0.3438156 0.3438156 0.3438156 0.6354151 0.6354151 0.2763163 0.2763163 0.2763163 -9999 -9999 -9999 -9999 -9999 -9999 -9999 -9999 -9999 -9999 -9999 0.2319198 0.2319198 0.1450349 0.1450349 0.1450349 0.2293056 0.2293056 0.1774866 0.1774866 0.1774866 0.2060118 0.2060118 0.2060118 0.1967775 0.1967775 -9999 -9999 -9999 0.3623241 0.3623241 0.3623241 0.3710095 0.3710095 0.3373407 0.3373407 0.3373407 0.3115251 0.3115251 0.3115251 0.2212163 0.2212163 0.3649973 0.3649973 0.3649973 0.2603971 0.2603971 0.3434827 0.3434827
0.3012126 0.4667802 0.4667802 0.3038982 0.3038982 0.3038982 0.1850955 0.1850955 0.1850955 0.7848069 0.7848069 0.3438156 0.3438156 0.3438156 0.6354151 0.6354151 0.2763163 0.2763163 0.2763163 -9999 -9999 -9999 -9999 -9999 -9999 -9999 -9999 -9999 -9999 -9999 0.2319198 0.2319198 0.1450349 0.1450349 0.1450349 0.2293056 0.2293056 0.1774866 0.1774866 0.1774866 0.2060118 0.2060118 0.2060118 0.1967775 0.1967775 -9999 -9999 -9999 0.3623241 0.3623241 0.3623241 0.3710095 0.3710095 0.3373407 0.3373407 0.3373407 0.3115251 0.3115251 0.3115251 0.2212163 0.2212163 0.3649973 0.3649973 0.3649973 0.2603971 0.2603971 0.3434827 0.3434827
0.7575408 0.6722516 0.6722516 0.1045233 0.1045233 0.1045233 0.7376957 0.7376957 0.7376957 -9999 -9999 -9999 -9999 -9999 -9999 -9999 -9999 -9999 -9999 0.2569651 0.2569651 0.2569651 0.1834797 0.1834797 0.26763 0.26763 0.26763 -9999 -9999 -9999 0.2274377 0.2274377 0.2177452 0.2177452 0.2177452 0.2210199 0.2210199 0.1529824 0.1529824 0.1529824 0.250703 0.250703 0.250703 0.2323802 0.2323802 0.2172905 0.2172905 0.2172905 -9999 -9999 -9999 -9999 -9999 0.2079151 0.2079151 0.2079151 0.2811916 0.2811916 0.2811916 0.2544496 0.2544496 0.2689272 0.2689272 0.2689272 0.1487285 0.1487285 -9999 -9999
0.7575408 0.6722516 0.6722516 0.1045233 0.1045233 0.1045233 0.7376957 0.7376957 0.7376957 -9999 -9999 -9999 -9999 -9999 -9999 -9999 -9999 -9999 -9999 0.2569651 0.2569651 0.2569651 0.1834797 0.1834797 0.26763 0.26763 0.26763 -9999 -9999 -9999 0.2274377 0.2274377 0.2177452 0.2177452 0.2177452 0.2210199 0.2210199 0.1529824 0.1529824 0.1529824 0.250703 0.250703 0.250703 0.2323802 0.2323802 0.2172905 0.2172905 0.2172905 -9999 -9999 -9999 -9999 -9999 0.2079151 0.2079151 0.2079151 0.2811916 0.2811916 0.2811916 0.2544496 0.2544496 0.2689272 0.2689272 0.2689272 0.1487285 0.1487285 -9999 -9999
0.7575408 0.6722516 0.6722516 0.1045233 0.1045233 0.1045233 0.7376957 0.7376957 0.7376957 -9999 -9999 -9999 -9999 -9999 -9999 -9999 -9999 -9999 -9999 0.2569651 0.2569651 0.2569651 0.1834797 0.1834797 0.26763 0.26763 0.26763 -9999 -9999 -9999 0.2274377 0.2274377 0.2177452 0.2177452 0.2177452 0.2210199 0.2210199 0.1529824 0.1529824 0.1529824 0.250703 0.250703 0.250703 0.2323802 0.2323802 0.2172905 0.2172905 0.2172905 -9999 -9999 -9999 -9999 -9999 0.2079151 0.2079151 0.2079151 0.2811916 0.2811916 0.2811916 0.2544496 0.2544496 0.2689272 0.2689272 0.2689272 0.1487285 0.1487285 -9999 -9999
0.7701889 0.5915839 0.5915839 0.3551973 0.3551973 0.3551973 0.4395498 0.4395498 0.4395498 -9999 -9999 -9999 -9999 -9999 0.3192159 0.3192159 -9999 -9999 -9999 0.4024128 0.4024128 0.4024128 -9999 -9999 -9999 -9999 -9999 0.3495919 0.3495919 0.3495919 -9999 -9999 0.2302009 0.2302009 0.2302009 -9999 -9999 -9999 -9999 -9999 0.2282632 0.2282632 0.2282632 0.1798761 0.1798761 -9999 -9999 -9999 0.224012 0.224012 0.224012 0.1391491 0.1391491 -9999 -9999 -9999 -9999 -9999 -9999 0.3062969 0.3062969 0.3288261 0.3288261 0.3288261 0.5439008 0.5439008 -9999 -9999
0.7701889 0.5915839 0.5915839 0.3551973 0.3551973 0.3551973 0.4395498 0.4395498 0.4395498 -9999 -9999 -9999 -9999 -9999 0.3192159 0.3192159 -9999 -9999 -9999 0.4024128 0.4024128 0.4024128 -9999 -9999 -9999 -9999 -9999 0.3495919 0.3495919 0.3495919 -9999 -9999 0.2302009 0.2302009 0.2302009 -9999 -9999 -9999 -9999 -9999 0.2282632 0.2282632 0.2282632 0.1798761 0.1798761 -9999 -9999 -9999 0.224012 0.224012 0.224012 0.1391491 0.1391491 -9999 -9999 -9999 -9999 -9999 -9999 0.3062969 0.3062969 0.3288261 0.3288261 0.3288261 0.5439008 0.5439008 -9999 -9999
0.615943 0.6721233 0.6721233 -9999 -9999 -9999 0.7093402 0.7093402 0.7093402 -9999 -9999 -9999 -9999 -9999 0.1547188 0.1547188 -9999 -9999 -9999 0.2130064 0.2130064 0.2130064 0.166898 0.166898 -9999 -9999 -9999 -9999 -9999 -9999 0.2508833 0.2508833 -9999 -9999 -9999 0.1787435 0.1787435 0.1050334 0.1050334 0.1050334 -9999 -9999 -9999 -9999 -9999 0.4375166 0.4375166 0.4375166 0.2857881 0.2857881 0.2857881 0.2499066 0.2499066 0.2191284 0.2191284 0.2191284 -9999 -9999 -9999 0.445736 0.445736 -9999 -9999 -9999 0.3783513 0.3783513 0.667594 0.667594
0.615943 0.6721233 0.6721233 -9999 -9999 -9999 0.7093402 0.7093402 0.7093402 -9999 -9999 -9999 -9999 -9999 0.1547188 0.1547188 -9999 -9999 -9999 0.2130064 0.2130064 0.2130064 0.166898 0.166898 -9999 -9999 -9999 -9999 -9999 -9999 0.2508833 0.2508833 -9999 -9999 -9999 0.1787435 0.1787435 0.1050334 0.1050334 0.1050334 -9999 -9999 -9999 -9999 -9999 0.4375166 0.4375166 0.4375166 0.2857881 0.2857881 0.2857881 0.2499066 0.2499066 0.2191284 0.2191284 0.2191284 -9999 -9999 -9999 0.445736 0.445736 -9999 -9999 -9999 0.3783513 0.3783513 0.667594 0.667594
0.615943 0.6721233 0.6721233 -9999 -9999 -9999 0.7093402 0.7093402 0.7093402 -9999 -9999 -9999 -9999 -9999 0.1547188 0.1547188 -9999 -9999 -9999 0.2130064 0.2130064 0.2130064 0.166898 0.166898 -9999 -9999 -9999 -9999 -9999 -9999 0.2508833 0.2508833 -9999 -9999 -9999 0.1787435 0.1787435 0.1050334 0.1050334 0.1050334 -9999 -9999 -9999 -9999 -9999 0.4375166 0.4375166 0.4375166 0.2857881 0.2857881 0.2857881 0.2499066 0.2499066 0.2191284 0.2191284 0.2191284 -9999 -9999 -9999 0.445736 0.445736 -9999 -9999 -9999 0.3783513 0.3783513 0.667594 0.667594
0.6027119 0.6224952 0.6224952 -9999 -9999 -9999 0.3185712 0.3185712 0.3185712 0.2051875 0.2051875 -9999 -9999 -9999 0.265359 0.265359 -9999 -9999 -9999 0.3873773 0.3873773 0.3873773 0.07737418 0.07737418 -9999 -9999 -9999 -9999 -9999 -9999 0.2448549 0.2448549 0.1427876 0.1427876 0.1427876 0.1434898 0.1434898 0.2090269 0.2090269 0.2090269 0.1370904 0.1370904 0.1370904 0.07598338 0.07598338 0.1762854 0.1762854 0.1762854 0.3475927 0.3475927 0.3475927 0.5360839 0.5360839 0.2034939 0.2034939 0.2034939 -9999 -9999 -9999 -9999 -9999 0.2055203 0.2055203 0.2055203 0.4269924 0.4269924 0.2775945 0.2775945
0.6027119 0.6224952 0.6224952 -9999 -9999 -9999 0.3185712 0.3185712 0.3185712 0.2051875 0.2051875 -9999 -9999 -9999 0.265359 0.265359 -9999 -9999 -9999 0.3873773 0.3873773 0.3873773 0.07737418 0.07737418 -9999 -9999 -9999 -9999 -9999 -9999 0.2448549 0.2448549 0.1427876 0.1427876 0.1427876 0.1434898 0.1434898 0.2090269 0.2090269 0.2090269 0.1370904 0.1370904 0.1370904 0.07598338 0.07598338 0.1762854 0.1762854 0.1762854 0.3475927 0.3475927 0.3475927 0.5360839 0.5360839 0.2034939 0.2034939 0.2034939 -9999 -9999 -9999 -9999 -9999 0.2055203 0.2055203 0.2055203 0.4269924 0.4269924 0.2775945 0.2775945
0.6027119 0.6224952 0.6224952 -9999 -9999 -9999 0.3185712 0.3185712 0.3185712 0.2051875 0.2051875 -9999 -9999 -9999 0.265359 0.265359 -9999 -9999 -9999 0.3873773 0.3873773 0.3873773 0.07737418 0.07737418 -9999 -9999 -9999 -9999 -9999 -9999 0.2448549 0.2448549 0.1427876 0.1427876 0.1427876 0.1434898 0.1434898 0.2090269 0.2090269 0.2090269 0.1370904 0.1370904 0.1370904 0.07598338 0.07598338 0.1762854 0.1762854 0.1762854 0.3475927 0.3475927 0.3475927 0.5360839 0.5360839 0.2034939 0.2034939 0.2034939 -9999 -9999 -9999 -9999 -9999 0.2055203 0.2055203 0.2055203 0.4269924 0.4269924 0.2775945 0.2775945
0.3742346 0.6860186 0.6860186 0.3477757 0.3477757 0.3477757 0.3945591 0.3945591 0.3945591 0.334074 0.334074 0.4198145 0.4198145 0.4198145 -9999 -9999 0.2595291 0.2595291 0.2595291 0.1864091 0.1864091 0.1864091 -9999 -9999 0.1642456 0.1642456 0.1642456 0.2781932 0.2781932 0.2781932 -9999 -9999 -9999 -9999 -9999 0.1400575 0.1400575 -9999 -9999 -9999 0.1265132 0.1265132 0.1265132 0.06781435 0.06781435 0.2152224 0.2152224 0.2152224 0.1994723 0.1994723 0.1994723 0.2935297 0.2935297 0.1349029 0.1349029 0.1349029 -9999 -9999 -9999 -9999 -9999 -9999 -9999 -9999 -9999 -9999 0.3073506 0.3073506
0.3742346 0.6860186 0.6860186 0.3477757 0.3477757 0.3477757 0.3945591 0.3945591 0.3945591 0.334074 0.334074 0.4198145 0.4198145 0.4198145 -9999 -9999 0.2595291 0.2595291 0.2595291 0.1864091 0.1864091 0.1864091 -9999 -9999 0.1642456 0.1642456 0.1642456 0.2781932 0.2781932 0.2781932 -9999 -9999 -9999 -9999 -9999 0.1400575 0.1400575 -9999 -9999 -9999 0.1265132 0.1265132 0.1265132 0.06781435 0.06781435 0.2152224 0.2152224 0.2152224 0.1994723 0.1994723 0.1994723 0.2935297 0.2935297 0.1349029 0.1349029 0.1349029 -9999 -9999 -9999 -9999 -9999 -9999 -9999 -9999 -9999 -9999 0.3073506 0.3073506
0.6651975 0.7124276 0.7124276 0.4027627 0.4027627 0.4027627 0.6151522 0.6151522 0.6151522 0.2706836 0.2706836 -9999 -9999 -9999 -9999 -9999 -9999 -9999 -9999 0.2145154 0.2145154 0.2145154 -9999 -9999 -9999 -9999 -9999 0.07682572 0.07682572 0.07682572 0.381531 0.381531 -9999 -9999 -9999 -9999 -9999 0.4237845 0.4237845 0.4237845 -9999 -9999 -9999 0.4312085 0.4312085 0.1410013 0.1410013 0.1410013 -9999 -9999 -9999 0.2981647 0.2981647 -9999 -9999 -9999 -9999 -9999 -9999 -9999 -9999 -9999 -9999 -9999 0.4383428 0.4383428 -9999 -9999
0.6651975 0.7124276 0.7124276 0.4027627 0.4027627 0.4027627 0.6151522 0.6151522 0.6151522 0.2706836 0.2706836 -9999 -9999 -9999 -9999 -9999 -9999 -9999 -9999 0.2145154 0.2145154 0.2145154 -9999 -9999 -9999 -9999 -9999 0.07682572 0.07682572 0.07682572 0.381531 0.381531 -9999 -9999 -9999 -9999 -9999 0.4237845 0.4237845 0.4237845 -9999 -9999 -9999 0.4312085 0.4312085 0.1410013 0.1410013 0.1410013 -9999 -9999 -9999 0.2981647 0.2981647 -9999 -9999 -9999 -9999 -9999 -9999 -9999 -9999 -9999 -9999 -9999 0.4383428 0.4383428 -9999 -9999
0.6651975 0.7124276 0.7124276 0.4027627 0.4027627 0.4027627 0.6151522 0.6151522 0.6151522 0.2706836 0.2706836 -9999 -9999 -9999 -9999 -9999 -9999 -9999 -9999 0.2145154 0.2145154 0.2145154 -9999 -9999 -9999 -9999 -9999 0.07682572 0.07682572 0.07682572 0.381531 0.381531 -9999 -9999 -9999 -9999 -9999 0.4237845 0.4237845 0.4237845 -9999 -9999 -9999 0.4312085 0.4312085 0.1410013 0.1410013 0.1410013 -9999 -9999 -9999 0.2981647 0.2981647 -9999 -9999 -9999 -9999 -9999 -9999 -9999 -9999 -9999 -9999 -9999 0.4383428 0.4383428 -9999 -9999
0.4614395 0.325965 0.325965 0.7647097 0.7647097 0.7647097 0.5794497 0.5794497 0.5794497 0.7289255 0.7289255 0.3788809 0.3788809 0.3788809 -9999 -9999 0.7554566 0.7554566 0.7554566 0.02857173 0.02857173 0.02857173 0.1528186 0.1528186 -9999 -9999 -9999 -9999 -9999 -9999 -9999 -9999 -9999 -9999 -9999 -9999 -9999 0.4006889 0.4006889 0.4006889 0.3066589 0.3066589 0.3066589 0.1559109 0.1559109 0.1934043 0.1934043 0.1934043 -9999 -9999 -9999 0.1380182 0.1380182 0.2647974 0.2647974 0.2647974 -9999 -9999 -9999 -9999 -9999 0.1115104 0.1115104 0.1115104 0.400557 0.400557 -9999 -9999
0.4614395 0.325965 0.325965 0.7647097 0.7647097 0.7647097 0.5794497 0.5794497 0.5794497 0.7289255 0.7289255 0.3788809 0.3788809 0.3788809 -9999 -9999 0.7554566 0.7554566 0.7554566 0.02857173 0.02857173 0.02857173 0.1528186 0.1528186 -9999 -9999 -9999 -9999 -9999 -9999 -9999 -9999 -9999 -9999 -9999 -9999 -9999 0.4006889 0.4006889 0.4006889 0.3066589 0.3066589 0.3066589 0.1559109 0.1559109 0.1934043 0.1934043 0.1934043 -9999 -9999 -9999 0.1380182 0.1380182 0.2647974 0.2647974 0.2647974 -9999 -9999 -9999 -9999 -9999 0.1115104 0.1115104 0.1115104 0.400557 0.400557 -9999 -9999
0.6823427 0.2698127 0.2698127 -9999 -9999 -9999 -9999 -9999 -9999 -9999 -9999 0.7732338 0.7732338 0.7732338 0.5684677 0.5684677 0.5690385 0.5690385 0.5690385 0.223368 0.223368 0.223368 -9999 -9999 -9999 -9999 -9999 -9999 -9999 -9999 -9999 -9999 -9999 -9999 -9999 0.08045437 0.08045437 0.4001198 0.4001198 0.4001198 0.466688 0.466688 0.466688 -9999 -9999 0.2249048 0.2249048 0.2249048 0.2067719 0.2067719 0.2067719 0.2775968 0.2775968 -9999 -9999 -9999 0.2305659 0.2305659 0.2305659 0.6265246 0.6265246 0.3880767 0.3880767 0.3880767 0.348478 0.348478 -9999 -9999
0.6823427 0.2698127 0.2698127 -9999 -9999 -9999 -9999 -9999 -9999 -9999 -9999 0.7732338 0.7732338 0.7732338 0.5684677 0.5684677 0.5690385 0.5690385 0.5690385 0.223368 0.223368 0.223368 -9999 -9999 -9999 -9999 -9999 -9999 -9999 -9999 -9999 -9999 -9999 -9999 -9999 0.08045437 0.08045437 0.4001198 0.4001198 0.4001198 0.466688 0.466688 0.466688 -9999 -9999 0.2249048 0.2249048 0.2249048 0.2067719 0.2067719 0.2067719 0.2775968 0.2775968 -9999 -9999 -9999 0.2305659 0.2305659 0.2305659 0.6265246 0.6265246 0.3880767 0.3880767 0.3880767 0.348478 0.348478 -9999 -9999
0.6823427 0.2698127 0.2698127 -9999 -9999 -9999 -9999 -9999 -9999 -9999 -9999 0.7732338 0.7732338 0.7732338 0.5684677 0.5684677 0.5690385 0.5690385 0.5690385 0.223368 0.223368 0.223368 -9999 -9999 -9999 -9999 -9999 -9999 -9999 -9999 -9999 -9999 -9999 -9999 -9999 0.08045437 0.08045437 0.4001198 0.4001198 0.4001198 0.466688 0.466688 0.466688 -9999 -9999 0.2249048 0.2249048 0.2249048 0.2067719 0.2067719 0.2067719 0.2775968 0.2775968 -9999 -9999 -9999 0.2305659 0.2305659 0.2305659 0.6265246 0.6265246 0.3880767 0.3880767 0.3880767 0.348478 0.348478 -9999 -9999
