Spatial_Data/Zonation/functional_diversity.asc
ncols         303
nrows         253
xllcorner     -19187.9811
yllcorner     3899999.9999
cellsize      3800
NODATA_value  -9999
[rows 62 to 92 of 253, columns 136 to 203 of 303]
0.4532446 0.1015644 0.1015644 0.3823779 0.3823779 0.3823779 0.3372232 0.3372232 0.3372232 0.2724158 0.2724158 0.2872821 0.2872821 0.2872821 0.6721625 0.6721625 0.3297409 0.3297409 0.3297409 0.6498333 0.6498333 0.6498333 0.2743404 0.2743404 0.2536844 0.2536844 0.2536844 0.1605484 0.1605484 0.1605484 0.01930838 0.01930838 0.2347523 0.2347523 0.2347523 0.4602873 0.4602873 0.245196 0.245196 0.245196 0.3003895 0.3003895 0.3003895 0.1926087 0.1926087 0.2777542 0.2777542 0.2777542 0.480049 0.480049 0.480049 0.4428056 0.4428056 0.1838773 0.1838773 0.1838773 0.2292331 0.2292331 0.2292331 0.208581 0.208581 0.1895446 0.1895446 0.1895446 0.3515901 0.3515901 0.2021038 0.2021038
0.4532446 0.1015644 0.1015644 0.3823779 0.3823779 0.3823779 0.3372232 0.3372232 0.3372232 0.2724158 0.2724158 0.2872821 0.2872821 0.2872821 0.6721625 0.6721625 0.3297409 0.3297409 0.3297409 0.6498333 0.6498333 0.6498333 0.2743404 0.2743404 0.2536844 0.2536844 0.2536844 0.1605484 0.1605484 0.1605484 0.01930838 0.01930838 0.2347523 0.2347523 0.2347523 0.4602873 0.4602873 0.245196 0.245196 0.245196 0.3003895 0.3003895 0.3003895 0.1926087 0.1926087 0.2777542 0.2777542 0.2777542 0.480049 0.480049 0.480049 0.4428056 0.4428056 0.1838773 0.1838773 0.1838773 0.2292331 0.2292331 0.2292331 0.208581 0.208581 0.1895446 0.1895446 0.1895446 0.3515901 0.3515901 0.2021038 0.2310627
0.4536754 0.1818093 0.1818093 0.2019182 0.2019182 0.2019182 0.2732454 0.2732454 0.2732454 0.2707447 0.2707447 0.2998712 0.2998712 0.2998712 0.569582 0.569582 0.5603707 0.5603707 0.5603707 0.5256374 0.5256374 0.5256374 0.5158482 0.5158482 0.3342498 0.3342498 0.3342498 0.2318333 0.2318333 0.2318333 0.2526245 0.2526245 0.2379627 0.2379627 0.2379627 0.1711405 0.1711405 0.1764277 0.1764277 0.1764277 0.5056623 0.5056623 0.5056623 0.2741503 0.2741503 0.2505787 0.2505787 0.2505787 0.2295606 0.2295606 0.2295606 0.6301588 0.6301588 0.5407295 0.5407295 0.5407295 0.2471377 0.2471377 0.2471377 0.1724751 0.1724751 0.1916345 0.1916345 0.1916345 0.1542471 0.1542471 0.2310627 0.2310627
0.4536754 0.1818093 0.1818093 0.2019182 0.2019182 0.2019182 0.2732454 0.2732454 0.2732454 0.2707447 0.2707447 0.2998712 0.2998712 0.2998712 0.569582 0.569582 0.5603707 0.5603707 0.5603707 0.5256374 0.5256374 0.5256374 0.5158482 0.5158482 0.3342498 0.3342498 0.3342498 0.2318333 0.2318333 0.2318333 0.2526245 0.2526245 0.2379627 0.2379627 0.2379627 0.1711405 0.1711405 0.1764277 0.1764277 0.1764277 0.5056623 0.5056623 0.5056623 0.2741503 0.2741503 0.2505787 0.2505787 0.2505787 0.2295606 0.2295606 0.2295606 0.6301588 0.6301588 0.5407295 0.5407295 0.5407295 0.2471377 0.2471377 0.2471377 0.1724751 0.1724751 0.1916345 0.1916345 0.1916345 0.1542471 0.1542471 0.2310627 0.2310627
0.3081301 0.2512071 0.2512071 0.2440384 0.2440384 0.2440384 0.5695326 0.5695326 0.5695326 0.2249517 0.2249517 0.7095417 0.7095417 0.7095417 0.5763551 0.5763551 0.4851213 0.4851213 0.4851213 0.551739 0.551739 0.551739 0.2181792 0.2181792 0.37551 0.37551 0.37551 -9999 -9999 -9999 -9999 -9999 0.3356332 0.3356332 0.3356332 0.6345305 0.6345305 0.1979651 0.1979651 0.1979651 0.2193556 0.2193556 0.2193556 0.1271172 0.1271172 0.2024829 0.2024829 0.2024829 0.2016674 0.2016674 0.2016674 0.3532855 0.3532855 0.2474472 0.2474472 0.2474472 0.5644565 0.5644565 0.5644565 0.2267862 0.2267862 0.2292148 0.2292148 0.2292148 0.1760213 0.1760213 0.1825859 0.1825859
0.3081301 0.2512071 0.2512071 0.2440384 0.2440384 0.2440384 0.5695326 0.5695326 0.5695326 0.2249517 0.2249517 0.7095417 0.7095417 0.7095417 0.5763551 0.5763551 0.4851213 0.4851213 0.4851213 0.551739 0.551739 0.551739 0.2181792 0.2181792 0.37551 0.37551 0.37551 -9999 -9999 -9999 -9999 -9999 0.3356332 0.3356332 0.3356332 0.6345305 0.6345305 0.1979651 0.1979651 0.1979651 0.2193556 0.2193556 0.2193556 0.1271172 0.1271172 0.2024829 0.2024829 0.2024829 0.2016674 0.2016674 0.2016674 0.3532855 0.3532855 0.2474472 0.2474472 0.2474472 0.5644565 0.5644565 0.5644565 0.2267862 0.2267862 0.2292148 0.2292148 0.2292148 0.1760213 0.1760213 -9999 0.1825859
0.3081301 0.2512071 0.2512071 0.2440384 0.2440384 0.2440384 0.5695326 0.5695326 0.5695326 0.2249517 0.2249517 0.7095417 0.7095417 0.7095417 0.5763551 0.5763551 0.4851213 0.4851213 0.4851213 0.551739 0.551739 0.551739 0.2181792 0.2181792 0.37551 0.37551 0.37551 -9999 -9999 -9999 -9999 -9999 0.3356332 0.3356332 0.3356332 0.6345305 0.6345305 0.1979651 0.1979651 0.1979651 0.2193556 0.2193556 0.2193556 0.1271172 0.1271172 0.2024829 0.2024829 0.2024829 0.2016674 0.2016674 0.2016674 0.3532855 0.3532855 0.2474472 0.2474472 0.2474472 0.5644565 0.5644565 0.5644565 0.2267862 0.2267862 0.2292148 0.2292148 0.2292148 0.1760213 0.1760213 -9999 0.1825859
0.2743154 0.2477883 0.2477883 0.2290751 0.2290751 0.2290751 0.5151805 0.5151805 0.5151805 0.618127 0.618127 0.2199437 0.2199437 0.2199437 0.5949095 0.5949095 0.2606543 0.2606543 0.2606543 0.2321112 0.2321112 0.2321112 0.2978777 0.2978777 0.6244583 0.6244583 0.6244583 -9999 -9999 -9999 0.1932874 0.1932874 0.1795761 0.1795761 0.1795761 0.3657928 0.3657928 0.2859796 0.2859796 0.2859796 0.2167637 0.2167637 0.2167637 0.1352981 0.1352981 0.0431278 0.0431278 0.0431278 0.145962 0.145962 0.145962 0.2917144 0.2917144 0.494989 0.494989 0.494989 0.8954782 0.8954782 0.8954782 0.4343153 0.4343153 0.4089716 0.4089716 0.4089716 0.5135588 0.5135588 -9999 0.2004545
0.2743154 0.2477883 0.2477883 0.2290751 0.2290751 0.2290751 0.5151805 0.5151805 0.5151805 0.618127 0.618127 0.2199437 0.2199437 0.2199437 0.5949095 0.5949095 0.2606543 0.2606543 0.2606543 0.2321112 0.2321112 0.2321112 0.2978777 0.2978777 0.6244583 0.6244583 0.6244583 -9999 -9999 -9999 0.1932874 0.1932874 0.1795761 0.1795761 0.1795761 0.3657928 0.3657928 0.2859796 0.2859796 0.2859796 0.2167637 0.2167637 0.2167637 0.1352981 0.1352981 0.0431278 0.0431278 0.0431278 0.145962 0.145962 0.145962 0.2917144 0.2917144 0.494989 0.494989 0.494989 0.8954782 0.8954782 0.8954782 0.4343153 0.4343153 0.4089716 0.4089716 0.4089716 0.5135588 0.5135588 -9999 0.2004545
0.2655053 0.2418073 0.2418073 0.2674838 0.2674838 0.2674838 0.01226608 0.01226608 0.01226608 0.2696238 0.2696238 0.5341735 0.5341735 0.5341735 0.3673487 0.3673487 0.5034773 0.5034773 0.5034773 0.6005471 0.6005471 0.6005471 0.2625318 0.2625318 0.2963094 0.2963094 0.2963094 0.2241471 0.2241471 0.2241471 0.3337249 0.3337249 -9999 -9999 -9999 -9999 -9999 -9999 -9999 -9999 0.2347593 0.2347593 0.2347593 0.1763212 0.1763212 0.157088 0.157088 0.157088 0.1905906 0.1905906 0.1905906 0.5022169 0.5022169 0.218385 0.218385 0.218385 0.2388345 0.2388345 0.2388345 0.3996179 0.3996179 0.4776353 0.4776353 0.4776353 0.1653607 0.1653607 0.2862981 0.07959805
0.2655053 0.2418073 0.2418073 0.2674838 0.2674838 0.2674838 0.01226608 0.01226608 0.01226608 0.2696238 0.2696238 0.5341735 0.5341735 0.5341735 0.3673487 0.3673487 0.5034773 0.5034773 0.5034773 0.6005471 0.6005471 0.6005471 0.2625318 0.2625318 0.2963094 0.2963094 0.2963094 0.2241471 0.2241471 0.2241471 0.3337249 0.3337249 -9999 -9999 -9999 -9999 -9999 -9999 -9999 -9999 0.2347593 0.2347593 0.2347593 0.1763212 0.1763212 0.157088 0.157088 0.157088 0.1905906 0.1905906 0.1905906 0.5022169 0.5022169 0.218385 0.218385 0.218385 0.2388345 0.2388345 0.2388345 0.3996179 0.3996179 0.4776353 0.4776353 0.4776353 0.1653607 0.1653607 0.2862981 0.07959805
0.2655053 0.2418073 0.2418073 0.2674838 0.2674838 0.2674838 0.01226608 0.01226608 0.01226608 0.2696238 0.2696238 0.5341735 0.5341735 0.5341735 0.3673487 0.3673487 0.5034773 0.5034773 0.5034773 0.6005471 0.6005471 0.6005471 0.2625318 0.2625318 0.2963094 0.2963094 0.2963094 0.2241471 0.2241471 0.2241471 0.3337249 0.3337249 -9999 -9999 -9999 -9999 -9999 -9999 -9999 -9999 0.2347593 0.2347593 0.2347593 0.1763212 0.1763212 0.157088 0.157088 0.157088 0.1905906 0.1905906 0.1905906 0.5022169 0.5022169 0.218385 0.218385 0.218385 0.2388345 0.2388345 0.2388345 0.3996179 0.3996179 0.4776353 0.4776353 0.4776353 0.1653607 0.1653607 0.2862981 0.07959805
0.1108997 0.2912941 0.2912941 0.2709101 0.2709101 0.2709101 0.4475332 0.4475332 0.4475332 0.495649 0.495649 0.4369816 0.4369816 0.4369816 0.2824758 0.2824758 0.517757 0.517757 0.517757 0.2479814 0.2479814 0.2479814 -9999 -9999 0.4830285 0.4830285 0.4830285 0.2493607 0.2493607 0.2493607 -9999 -9999 -9999 -9999 -9999 -9999 -9999 -9999 -9999 -9999 -9999 -9999 -9999 0.2015629 0.2015629 0.2481937 0.2481937 0.2481937 0.2480629 0.2480629 0.2480629 0.2641883 0.2641883 0.2051609 0.2051609 0.2051609 0.245344 0.245344 0.245344 0.2309166 0.2309166 -9999 -9999 -9999 0.3286055 0.3286055 -9999 -9999
0.1108997 0.2912941 0.2912941 0.2709101 0.2709101 0.2709101 0.4475332 0.4475332 0.4475332 0.495649 0.495649 0.4369816 0.4369816 0.4369816 0.2824758 0.2824758 0.517757 0.517757 0.517757 0.2479814 0.2479814 0.2479814 -9999 -9999 0.4830285 0.4830285 0.4830285 0.2493607 0.2493607 0.2493607 -9999 -9999 -9999 -9999 -9999 -9999 -9999 -9999 -9999 -9999 -9999 -9999 -9999 0.2015629 0.2015629 0.2481937 0.2481937 0.2481937 0.2480629 0.2480629 0.2480629 0.2641883 0.2641883 0.2051609 0.2051609 0.2051609 0.245344 0.245344 0.245344 0.2309166 0.2309166 -9999 -9999 -9999 0.3286055 0.3286055 -9999 -9999
0.1108997 0.2912941 0.2912941 0.2709101 0.2709101 0.2709101 0.4475332 0.4475332 0.4475332 0.495649 0.495649 0.4369816 0.4369816 0.4369816 0.2824758 0.2824758 0.517757 0.517757 0.517757 0.2479814 0.2479814 0.2479814 -9999 -9999 0.4830285 0.4830285 0.4830285 0.2493607 0.2493607 0.2493607 -9999 -9999 -9999 -9999 -9999 -9999 -9999 -9999 -9999 -9999 -9999 -9999 -9999 0.2015629 0.2015629 0.2481937 0.2481937 0.2481937 0.2480629 0.2480629 0.2480629 0.2641883 0.2641883 0.2051609 0.2051609 0.2051609 0.245344 0.245344 0.245344 0.2309166 0.2309166 -9999 -9999 -9999 0.3286055 0.3286055 -9999 -9999
0.460987 0.3032337 0.3032337 0.6092243 0.6092243 0.6092243 0.514685 0.514685 0.514685 0.5009697 0.5009697 0.5176142 0.5176142 0.5176142 0.0899344 0.0899344 0.2037324 0.2037324 0.2037324 -9999 -9999 -9999 -9999 -9999 0.2828386 0.2828386 0.2828386 0.2505435 0.2505435 0.2505435 -9999 -9999 0.2282249 0.2282249 0.2282249 0.1510318 0.1510318 -9999 -9999 -9999 0.2481675 0.2481675 0.2481675 0.3564273 0.3564273 0.2315684 0.2315684 0.2315684 0.1806389 0.1806389 0.1806389 0.2428181 0.2428181 0.1091356 0.1091356 0.1091356 0.2400024 0.2400024 0.2400024 0.2187847 0.2187847 0.1184281 0.1184281 0.1184281 -9999 -9999 -9999 0.3170191
0.460987 0.3032337 0.3032337 0.6092243 0.6092243 0.6092243 0.514685 0.514685 0.514685 0.5009697 0.5009697 0.5176142 0.5176142 0.5176142 0.0899344 0.0899344 0.2037324 0.2037324 0.2037324 -9999 -9999 -9999 -9999 -9999 0.2828386 0.2828386 0.2828386 0.2505435 0.2505435 0.2505435 -9999 -9999 0.2282249 0.2282249 0.2282249 0.1510318 0.1510318 -9999 -9999 -9999 0.2481675 0.2481675 0.2481675 0.3564273 0.3564273 0.2315684 0.2315684 0.2315684 0.1806389 0.1806389 0.1806389 0.2428181 0.2428181 0.1091356 0.1091356 0.1091356 0.2400024 0.2400024 0.2400024 0.2187847 0.2187847 0.1184281 0.1184281 0.1184281 -9999 -9999 -9999 0.3170191
-9999 -9999 -9999 0.2867204 0.2867204 0.2867204 0.3135195 0.3135195 0.3135195 0.2752454 0.2752454 0.2224494 0.2224494 0.2224494 0.5540553 0.5540553 0.6305655 0.6305655 0.6305655 0.2270357 0.2270357 0.2270357 -9999 -9999 0.2348654 0.2348654 0.2348654 0.3085291 0.3085291 0.3085291 0.2470591 0.2470591 -9999 -9999 -9999 0.7273267 0.7273267 0.298466 0.298466 0.298466 0.2361443 0.2361443 0.2361443 0.2009524 0.2009524 -9999 -9999 -9999 0.05605787 0.05605787 0.05605787 0.1742436 0.1742436 0.2096599 0.2096599 0.2096599 0.2352877 0.2352877 0.2352877 0.2504154 0.2504154 0.2049875 0.2049875 0.2049875 0.2876858 0.2876858 -9999 -9999
-9999 -9999 -9999 0.2867204 0.2867204 0.2867204 0.3135195 0.3135195 0.3135195 0.2752454 0.2752454 0.2224494 0.2224494 0.2224494 0.5540553 0.5540553 0.6305655 0.6305655 0.6305655 0.2270357 0.2270357 0.2270357 -9999 -9999 0.2348654 0.2348654 0.2348654 0.3085291 0.3085291 0.3085291 0.2470591 0.2470591 -9999 -9999 -9999 0.7273267 0.7273267 0.298466 0.298466 0.298466 0.2361443 0.2361443 0.2361443 0.2009524 0.2009524 -9999 -9999 -9999 0.05605787 0.05605787 0.05605787 0.1742436 0.1742436 0.2096599 0.2096599 0.2096599 0.2352877 0.2352877 0.2352877 0.2504154 0.2504154 0.2049875 0.2049875 0.2049875 0.2876858 0.2876858 -9999 -9999
-9999 -9999 -9999 0.2867204 0.2867204 0.2867204 0.3135195 0.3135195 0.3135195 0.2752454 0.2752454 0.2224494 0.2224494 0.2224494 0.5540553 0.5540553 0.6305655 0.6305655 0.6305655 0.2270357 0.2270357 0.2270357 -9999 -9999 0.2348654 0.2348654 0.2348654 0.3085291 0.3085291 0.3085291 0.2470591 0.2470591 -9999 -9999 -9999 0.7273267 0.7273267 0.298466 0.298466 0.298466 0.2361443 0.2361443 0.2361443 0.2009524 0.2009524 -9999 -9999 -9999 0.05605787 0.05605787 0.05605787 0.1742436 0.1742436 0.2096599 0.2096599 0.2096599 0.2352877 0.2352877 0.2352877 0.2504154 0.2504154 0.2049875 0.2049875 0.2049875 0.2876858 0.2876858 -9999 -9999
-9999 0.2614588 0.2614588 0.3119808 0.3119808 0.3119808 0.3908482 0.3908482 0.3908482 0.3707806 0.3707806 0.1851564 0.1851564 0.1851564 0.4938372 0.4938372 0.08178329 0.08178329 0.08178329 0.3026306 0.3026306 0.3026306 -9999 -9999 0.3037121 0.3037121 0.3037121 0.1441046 0.1441046 0.1441046 0.504003 0.504003 0.6472552 0.6472552 0.6472552 0.3183347 0.3183347 0.3068805 0.3068805 0.3068805 0.3983817 0.3983817 0.3983817 0.08863557 0.08863557 0.1430509 0.1430509 0.1430509 0.3298524 0.3298524 0.3298524 0.2263946 0.2263946 0.2226712 0.2226712 0.2226712 0.2036401 0.2036401 0.2036401 0.3075926 0.3075926 0.27254 0.27254 0.27254 0.3003585 0.3003585 -9999 -9999
-9999 0.2614588 0.2614588 0.3119808 0.3119808 0.3119808 0.3908482 0.3908482 0.3908482 0.3707806 0.3707806 0.1851564 0.1851564 0.1851564 0.4938372 0.4938372 0.08178329 0.08178329 0.08178329 0.3026306 0.3026306 0.3026306 -9999 -9999 0.3037121 0.3037121 0.3037121 0.1441046 0.1441046 0.1441046 0.504003 0.504003 0.6472552 0.6472552 0.6472552 0.3183347 0.3183347 0.3068805 0.3068805 0.3068805 0.3983817 0.3983817 0.3983817 0.08863557 0.08863557 0.1430509 0.1430509 0.1430509 0.3298524 0.3298524 0.3298524 0.2263946 0.2263946 0.2226712 0.2226712 0.2226712 0.2036401 0.2036401 0.2036401 0.3075926 0.3075926 0.27254 0.27254 0.27254 0.3003585 0.3003585 -9999 -9999
-9999 0.2614588 0.2614588 0.3119808 0.3119808 0.3119808 0.3908482 0.3908482 0.3908482 0.3707806 0.3707806 0.1851564 0.1851564 0.1851564 0.4938372 0.4938372 0.08178329 0.08178329 0.08178329 0.3026306 0.3026306 0.3026306 -9999 -9999 0.3037121 0.3037121 0.3037121 0.1441046 0.1441046 0.1441046 0.504003 0.504003 0.6472552 0.6472552 0.6472552 0.3183347 0.3183347 0.3068805 0.3068805 0.3068805 0.3983817 0.3983817 0.3983817 0.08863557 0.08863557 0.1430509 0.1430509 0.1430509 0.3298524 0.3298524 0.3298524 0.2263946 0.2263946 0.2226712 0.2226712 0.2226712 0.2036401 0.2036401 0.2036401 0.3075926 0.3075926 0.27254 0.27254 0.27254 0.3003585 0.3003585 -9999 -9999
0.4690059 0.2588755 0.2588755 0.3034609 0.3034609 0.3034609 0.2244347 0.2244347 0.2244347 0.2569802 0.2569802 0.2707137 0.2707137 0.2707137 0.2007363 0.2007363 -9999 -9999 -9999 -9999 -9999 -9999 -9999 -9999 0.2325235 0.2325235 0.2325235 0.5444196 0.5444196 0.5444196 0.6169154 0.6169154 0.4110035 0.4110035 0.4110035 0.5256267 0.5256267 0.2317094 0.2317094 0.2317094 0.3809073 0.3809073 0.3809073 0.6109411 0.6109411 0.1251833 0.1251833 0.1251833 0.1447578 0.1447578 0.1447578 0.2044117 0.2044117 0.1979611 0.1979611 0.1979611 0.1659119 0.1659119 0.1659119 0.2615529 0.2615529 0.3332739 0.3332739 0.3332739 -9999 -9999 -9999 -9999
0.4690059 0.2588755 0.2588755 0.3034609 0.3034609 0.3034609 0.2244347 0.2244347 0.2244347 0.2569802 0.2569802 0.2707137 0.2707137 0.2707137 0.2007363 0.2007363 -9999 -9999 -9999 -9999 -9999 -9999 -9999 -9999 0.2325235 0.2325235 0.2325235 0.5444196 0.5444196 0.5444196 0.6169154 0.6169154 0.4110035 0.4110035 0.4110035 0.5256267 0.5256267 0.2317094 0.2317094 0.2317094 0.3809073 0.3809073 0.3809073 0.6109411 0.6109411 0.1251833 0.1251833 0.1251833 0.1447578 0.1447578 0.1447578 0.2044117 0.2044117 0.1979611 0.1979611 0.1979611 0.1659119 0.1659119 0.1659119 0.2615529 0.2615529 0.3332739 0.3332739 0.3332739 -9999 -9999 -9999 -9999
0.2871757 0.2426688 0.2426688 0.413327 0.413327 0.413327 0.6005448 0.6005448 0.6005448 0.1320489 0.1320489 0.3349474 0.3349474 0.3349474 0.3003589 0.3003589 -9999 -9999 -9999 -9999 -9999 -9999 0.3155857 0.3155857 0.6393444 0.6393444 0.6393444 0.1553397 0.1553397 0.1553397 0.6994835 0.6994835 0.5481639 0.5481639 0.5481639 0.5589169 0.5589169 0.5770969 0.5770969 0.5770969 0.1893204 0.1893204 0.1893204 -9999 -9999 0.1050562 0.1050562 0.1050562 0.1407553 0.1407553 0.1407553 0.1806313 0.1806313 0.2219135 0.2219135 0.2219135 0.1993823 0.1993823 0.1993823 -9999 -9999 -9999 -9999 -9999 0.2370363 0.2370363 -9999 -9999
0.2871757 0.2426688 0.2426688 0.413327 0.413327 0.413327 0.6005448 0.6005448 0.6005448 0.1320489 0.1320489 0.3349474 0.3349474 0.3349474 0.3003589 0.3003589 -9999 -9999 -9999 -9999 -9999 -9999 0.3155857 0.3155857 0.6393444 0.6393444 0.6393444 0.1553397 0.1553397 0.1553397 0.6994835 0.6994835 0.5481639 0.5481639 0.5481639 0.5589169 0.5589169 0.5770969 0.5770969 0.5770969 0.1893204 0.1893204 0.1893204 -9999 -9999 0.1050562 0.1050562 0.1050562 0.1407553 0.1407553 0.1407553 0.1806313 0.1806313 0.2219135 0.2219135 0.2219135 0.1993823 0.1993823 0.1993823 -9999 -9999 -9999 -9999 -9999 0.2370363 0.2370363 -9999 -9999
0.2871757 0.2426688 0.2426688 0.413327 0.413327 0.413327 0.6005448 0.6005448 0.6005448 0.1320489 0.1320489 0.3349474 0.3349474 0.3349474 0.3003589 0.3003589 -9999 -9999 -9999 -9999 -9999 -9999 0.3155857 0.3155857 0.6393444 0.6393444 0.6393444 0.1553397 0.1553397 0.1553397 0.6994835 0.6994835 0.5481639 0.5481639 0.5481639 0.5589169 0.5589169 0.5770969 0.5770969 0.5770969 0.1893204 0.1893204 0.1893204 -9999 -9999 0.1050562 0.1050562 0.1050562 0.1407553 0.1407553 0.1407553 0.1806313 0.1806313 0.2219135 0.2219135 0.2219135 0.1993823 0.1993823 0.1993823 -9999 -9999 -9999 -9999 -9999 0.2370363 0.2370363 -9999 -9999
0.4551342 0.6128219 0.6128219 0.661152 0.661152 0.661152 -9999 -9999 -9999 0.5643612 0.5643612 0.2128398 0.2128398 0.2128398 -9999 -9999 0.2422152 0.2422152 0.2422152 -9999 -9999 -9999 0.6959799 0.6959799 0.4247348 0.4247348 0.4247348 0.140156 0.140156 0.140156 0.3855163 0.3855163 0.6304244 0.6304244 0.6304244 0.5316928 0.5316928 0.3576626 0.3576626 0.3576626 0.5600889 0.5600889 0.5600889 0.2945046 0.2945046 0.5851798 0.5851798 0.5851798 0.2118939 0.2118939 0.2118939 0.08180112 0.08180112 0.2135982 0.2135982 0.2135982 0.1614114 0.1614114 0.1614114 0.2758332 0.2758332 -9999 -9999 -9999 -9999 -9999 -9999 -9999
0.4551342 0.6128219 0.6128219 0.661152 0.661152 0.661152 -9999 -9999 -9999 0.5643612 0.5643612 0.2128398 0.2128398 0.2128398 -9999 -9999 0.2422152 0.2422152 0.2422152 -9999 -9999 -9999 0.6959799 0.6959799 0.4247348 0.4247348 0.4247348 0.140156 0.140156 0.140156 0.3855163 0.3855163 0.6304244 0.6304244 0.6304244 0.5316928 0.5316928 0.3576626 0.3576626 0.3576626 0.5600889 0.5600889 0.5600889 0.2945046 0.2945046 0.5851798 0.5851798 0.5851798 0.2118939 0.2118939 0.2118939 0.08180112 0.08180112 0.2135982 0.2135982 0.2135982 0.1614114 0.1614114 0.1614114 0.2758332 0.2758332 -9999 -9999 -9999 -9999 -9999 -9999 -9999
0.5291369 0.3450157 0.3450157 -9999 -9999 -9999 -9999 -9999 -9999 0.1768216 0.1768216 -9999 -9999 -9999 -9999 -9999 -9999 -9999 -9999 -9999 -9999 -9999 0.3892538 0.3892538 0.3961377 0.3961377 0.3961377 -9999 -9999 -9999 0.05550682 0.05550682 0.2448887 0.2448887 0.2448887 0.6578482 0.6578482 0.3632499 0.3632499 0.3632499 0.2915854 0.2915854 0.2915854 0.2158111 0.2158111 0.2714246 0.2714246 0.2714246 0.2480396 0.2480396 0.2480396 0.2743234 0.2743234 0.1058773 0.1058773 0.1058773 -9999 -9999 -9999 0.1504029 0.1504029 0.2795573 0.2795573 0.2795573 0.4609035 0.4609035 0.2075085 -9999
