Spatial_Data/Zonation/functional_diversity.asc
ncols         303
nrows         253
xllcorner     -19187.9811
yllcorner     3899999.9999
cellsize      3800
NODATA_value  -9999
[rows 31 to 61 of 253, columns 204 to 271 of 303]
-9999 -9999 -9999 -9999 -9999 -9999 -9999 -9999 -9999 -9999 -9999 -9999 -9999 -9999 -9999 -9999 -9999 0.1740203 0.1740203 0.1740203 -9999 -9999 -9999 -9999 -9999 -9999 -9999 -9999 -9999 -9999 -9999 -9999 -9999 -9999 -9999 -9999 -9999 -9999 -9999 -9999 -9999 -9999 -9999 -9999 -9999 -9999 -9999 -9999 -9999 -9999 -9999 -9999 -9999 -9999 -9999 -9999 -9999 -9999 -9999 -9999 -9999 -9999 -9999 -9999 -9999 -9999 -9999 -9999
-9999 -9999 -9999 -9999 -9999 -9999 -9999 -9999 -9999 -9999 -9999 -9999 -9999 -9999 -9999 -9999 -9999 0.1740203 0.1740203 0.1740203 -9999 -9999 -9999 -9999 -9999 -9999 -9999 -9999 -9999 -9999 -9999 -9999 -9999 -9999 -9999 -9999 -9999 -9999 -9999 -9999 -9999 -9999 -9999 -9999 -9999 -9999 -9999 -9999 -9999 -9999 -9999 -9999 -9999 -9999 -9999 -9999 -9999 -9999 -9999 -9999 -9999 -9999 -9999 -9999 -9999 -9999 -9999 -9999
-9999 -9999 -9999 -9999 -9999 -9999 -9999 -9999 -9999 -9999 -9999 -9999 -9999 -9999 -9999 -9999 -9999 -9999 -9999 -9999 -9999 -9999 -9999 -9999 -9999 -9999 -9999 -9999 -9999 -9999 -9999 -9999 -9999 -9999 -9999 -9999 -9999 -9999 -9999 -9999 -9999 -9999 -9999 -9999 -9999 -9999 -9999 -9999 -9999 -9999 -9999 -9999 -9999 -9999 -9999 -9999 -9999 -9999 -9999 -9999 -9999 -9999 -9999 -9999 -9999 -9999 -9999 -9999
0.249723 0.2790101 0.2790101 0.2790101 -9999 -9999 -9999 -9999 -9999 -9999 -9999 -9999 -9999 -9999 -9999 -9999 -9999 -9999 -9999 -9999 -9999 -9999 -9999 -9999 -9999 -9999 -9999 -9999 -9999 -9999 -9999 -9999 -9999 -9999 -9999 -9999 -9999 -9999 -9999 -9999 -9999 -9999 -9999 -9999 -9999 -9999 -9999 -9999 -9999 -9999 -9999 -9999 -9999 -9999 -9999 -9999 -9999 -9999 -9999 -9999 -9999 -9999 -9999 -9999 -9999 -9999 -9999 -9999
0.249723 0.249723 0.2790101 0.2790101 -9999 -9999 -9999 -9999 -9999 -9999 -9999 -9999 -9999 -9999 -9999 -9999 -9999 -9999 -9999 -9999 -9999 0.3574978 0.3574978 -9999 -9999 -9999 -9999 -9999 -9999 -9999 -9999 -9999 -9999 -9999 -9999 -9999 -9999 -9999 -9999 -9999 -9999 -9999 -9999 -9999 -9999 -9999 -9999 -9999 -9999 -9999 -9999 -9999 -9999 -9999 -9999 -9999 -9999 -9999 -9999 -9999 -9999 -9999 -9999 -9999 -9999 -9999 -9999 -9999
0.249723 0.249723 0.2790101 0.2790101 -9999 -9999 -9999 0.3445483 0.3445483 0.3445483 0.4885065 0.4885065 -9999 -9999 -9999 -9999 -9999 -9999 -9999 -9999 0.3574978 0.3574978 0.3574978 -9999 -9999 -9999 -9999 -9999 -9999 -9999 -9999 -9999 -9999 -9999 -9999 -9999 -9999 -9999 -9999 -9999 -9999 -9999 -9999 -9999 -9999 -9999 -9999 -9999 -9999 -9999 -9999 -9999 -9999 -9999 -9999 -9999 -9999 -9999 -9999 -9999 -9999 -9999 -9999 -9999 -9999 -9999 -9999 -9999
0.327212 0.327212 -9999 -9999 0.2545642 0.2545642 0.2545642 0.3445483 0.3445483 0.3445483 0.4885065 0.4885065 -9999 -9999 -9999 -9999 -9999 -9999 -9999 -9999 0.3574978 0.3574978 0.3574978 -9999 -9999 -9999 -9999 -9999 -9999 -9999 -9999 -9999 -9999 -9999 -9999 -9999 0.3030128 0.3030128 0.3030128 0.4376453 0.4376453 -9999 -9999 -9999 -9999 -9999 -9999 -9999 -9999 -9999 -9999 -9999 -9999 -9999 -9999 -9999 -9999 -9999 -9999 -9999 -9999 -9999 -9999 -9999 -9999 -9999 -9999 -9999
0.327212 0.327212 -9999 -9999 0.2545642 0.2545642 0.2545642 0.3445483 0.3445483 0.3445483 0.4885065 0.4885065 -9999 -9999 -9999 -9999 0.402503 0.402503 -9999 -9999 0.3376286 0.3376286 0.3376286 -9999 -9999 -9999 -9999 -9999 -9999 -9999 -9999 -9999 -9999 -9999 -9999 -9999 0.3030128 0.3030128 0.3030128 0.4376453 0.4376453 -9999 -9999 -9999 -9999 -9999 -9999 -9999 -9999 -9999 -9999 -9999 -9999 -9999 -9999 -9999 -9999 0.3417848 0.3417848 0.3417848 0.3920031 0.3920031 0.3920031 0.3874427 0.3874427 0.3154451 0.3154451 0.3154451
0.327212 0.327212 -9999 -9999 -9999 -9999 -9999 -9999 -9999 -9999 0.3425621 0.3425621 -9999 -9999 -9999 0.402503 0.402503 0.402503 -9999 -9999 0.3376286 0.3376286 0.3376286 -9999 -9999 -9999 -9999 -9999 -9999 -9999 -9999 -9999 -9999 -9999 -9999 -9999 0.3030128 0.3030128 0.3030128 0.4376453 0.3023666 -9999 -9999 -9999 -9999 -9999 -9999 0.358656 0.358656 -9999 -9999 -9999 -9999 -9999 -9999 -9999 -9999 0.3417848 0.3417848 0.3417848 0.3920031 0.3920031 0.3920031 0.3874427 0.3874427 0.3154451 0.3154451 0.3154451
-9999 -9999 -9999 -9999 -9999 -9999 -9999 -9999 -9999 -9999 0.3425621 0.3425621 -9999 -9999 -9999 0.402503 0.402503 0.402503 -9999 -9999 0.3376286 0.3376286 0.3376286 -9999 -9999 -9999 -9999 -9999 0.4279858 0.4279858 0.4279858 0.3137468 0.3137468 0.3137468 0.2377689 0.2377689 0.3404256 0.3404256 0.3404256 0.3023666 0.3023666 0.3023666 -9999 -9999 -9999 -9999 -9999 0.358656 0.358656 -9999 -9999 -9999 -9999 -9999 -9999 -9999 -9999 0.3417848 0.3417848 0.3417848 0.3920031 0.3920031 0.3920031 0.2668265 0.2668265 0.4342478 0.4342478 0.4342478
-9999 -9999 -9999 -9999 -9999 -9999 -9999 -9999 -9999 -9999 0.3425621 0.3589996 0.3589996 0.2368391 0.2368391 0.3161499 0.3161499 0.3161499 0.3411686 0.3411686 0.332718 0.332718 0.332718 -9999 -9999 -9999 -9999 -9999 0.4279858 0.4279858 0.4279858 0.3137468 0.3137468 0.3137468 0.2377689 0.2377689 0.3404256 0.3404256 0.3404256 0.3023666 0.3023666 0.3023666 -9999 -9999 -9999 -9999 -9999 0.358656 0.358656 0.273053 0.384601 0.384601 -9999 -9999 -9999 -9999 -9999 0.1915115 0.1915115 0.1915115 0.3730395 0.3730395 0.3730395 0.2668265 0.2668265 0.4342478 0.4342478 0.4342478
0.1305035 0.1305035 0.412678 0.412678 0.412678 0.3171292 0.3171292 -9999 -9999 -9999 0.3589996 0.3589996 0.3589996 0.2368391 0.2368391 0.3161499 0.3161499 0.3161499 0.3411686 0.3411686 0.3411686 0.332718 0.332718 -9999 -9999 -9999 -9999 -9999 0.4279858 0.4279858 0.4279858 0.3137468 0.3137468 0.3137468 0.2377689 0.3473072 0.2788722 0.2788722 0.2788722 0.3171762 0.3171762 0.3171762 0.2802302 0.2802302 0.3660136 0.3660136 0.3660136 0.273053 0.273053 0.273053 0.384601 0.384601 -9999 -9999 -9999 -9999 -9999 -9999 0.1915115 0.1915115 0.3730395 0.3730395 0.3730395 0.2668265 0.2668265 0.4342478 0.4342478 0.4342478
0.1305035 0.1305035 0.412678 0.412678 0.412678 0.3171292 0.3171292 -9999 -9999 -9999 0.3589996 0.3589996 0.3589996 0.2368391 0.2368391 0.3161499 0.3161499 0.3161499 0.3411686 0.3411686 0.3857863 0.3714374 0.3714374 0.3188798 0.3188798 0.3188798 0.3062861 0.3062861 0.3062861 0.1837499 0.1837499 0.4113873 0.4113873 0.4113873 0.3473072 0.3473072 0.2788722 0.2788722 0.2788722 0.3171762 0.3171762 0.3171762 0.2802302 0.2802302 0.3660136 0.3660136 0.3660136 0.273053 0.273053 0.273053 0.384601 0.384601 -9999 -9999 -9999 -9999 -9999 -9999 0.3153307 0.3153307 0.6411121 0.6411121 0.6411121 0.3418404 0.3418404 0.3418404 0.1909897 0.1909897
0.1305035 0.1305035 0.412678 0.412678 0.412678 0.3171292 0.1854146 -9999 -9999 -9999 -9999 -9999 -9999 0.2732588 0.2732588 -9999 -9999 -9999 0.3857863 0.3857863 0.3857863 0.3714374 0.3714374 0.3188798 0.3188798 0.3188798 0.3062861 0.3062861 0.3062861 0.1837499 0.1837499 0.4113873 0.4113873 0.4113873 0.3473072 0.3473072 0.3473072 0.2788722 0.2788722 0.3171762 0.3171762 0.3171762 0.2802302 0.2802302 -9999 -9999 -9999 -9999 -9999 -9999 0.2193398 0.2193398 0.1874633 0.1874633 0.1874633 0.3361019 0.3361019 0.3361019 0.3153307 0.3153307 0.6411121 0.6411121 0.6411121 0.3418404 0.3418404 0.3418404 0.1909897 0.1909897
0.7410092 0.7410092 -9999 -9999 -9999 0.1854146 0.1854146 0.1854146 -9999 -9999 -9999 -9999 -9999 0.2732588 0.2732588 -9999 -9999 -9999 0.3857863 0.3857863 0.3857863 0.3714374 0.3714374 0.3188798 0.3188798 0.3188798 0.3062861 0.3062861 0.3062861 0.3704596 0.3704596 0.3611459 0.3611459 0.3611459 0.3509472 0.3509472 0.3509472 0.2586012 0.2586012 -9999 -9999 -9999 -9999 -9999 -9999 -9999 -9999 -9999 -9999 -9999 0.2193398 0.2193398 0.1874633 0.1874633 0.1874633 0.3361019 0.3361019 0.3361019 0.3153307 0.3153307 0.6411121 0.6411121 0.6411121 0.3418404 0.3418404 0.3418404 0.1909897 0.3106194
0.7410092 0.7410092 -9999 -9999 -9999 0.1854146 0.1854146 0.1854146 -9999 -9999 -9999 -9999 -9999 0.2732588 0.2732588 -9999 0.1813293 0.1813293 0.1284979 0.1284979 0.1284979 0.2141661 0.2141661 0.2162344 0.2162344 0.2162344 0.1012478 0.1012478 0.1012478 0.3704596 0.3704596 0.3611459 0.3611459 0.3611459 0.3509472 0.3509472 0.3509472 0.2586012 0.2586012 -9999 -9999 -9999 -9999 -9999 -9999 -9999 -9999 -9999 -9999 -9999 0.2193398 0.2193398 0.2193398 0.2180919 0.2180919 0.2379616 0.2379616 0.2379616 0.3546844 0.3546844 0.3712417 0.3712417 0.3712417 0.3980712 0.3980712 0.3980712 0.3106194 0.3106194
0.7410092 -9999 0.2637103 0.2637103 0.2637103 -9999 -9999 -9999 -9999 -9999 -9999 -9999 -9999 -9999 -9999 -9999 0.1813293 0.1813293 0.1284979 0.1284979 0.1284979 0.2141661 0.2141661 0.2141661 0.2162344 0.2162344 0.1012478 0.1012478 0.1012478 0.3704596 0.3704596 0.3611459 0.3611459 0.3611459 0.3509472 0.3509472 0.3509472 0.2586012 0.2586012 -9999 -9999 -9999 -9999 -9999 -9999 -9999 -9999 -9999 -9999 -9999 0.1948048 0.1948048 0.1948048 0.2180919 0.2180919 0.2379616 0.2379616 0.2379616 0.3546844 0.3546844 0.3546844 0.3712417 0.3712417 0.3980712 0.3980712 0.3980712 0.3106194 0.3106194
-9999 -9999 0.2637103 0.2637103 0.2637103 -9999 -9999 -9999 -9999 -9999 -9999 -9999 -9999 -9999 -9999 -9999 0.1813293 0.1813293 0.1284979 0.1284979 0.1284979 0.2141661 0.2141661 0.2141661 -9999 -9999 0.2622521 0.2622521 0.2622521 0.2310404 0.2310404 0.2310404 0.1901899 0.1901899 0.2716973 0.2716973 0.2716973 0.1767156 0.1767156 -9999 -9999 -9999 -9999 -9999 -9999 -9999 -9999 -9999 -9999 -9999 0.1948048 0.1948048 0.1948048 0.2180919 0.2180919 0.2379616 0.2379616 0.2379616 0.3546844 0.3546844 0.3546844 0.3712417 0.3702976 0.340829 0.340829 0.340829 0.3103884 0.3103884
-9999 -9999 -9999 0.2637103 0.2637103 -9999 -9999 -9999 -9999 -9999 0.2012245 0.2012245 0.2012245 0.3449318 0.3449318 0.3449318 0.4444852 0.4444852 0.3512746 0.3512746 0.3512746 0.1695888 0.1695888 0.1695888 -9999 -9999 0.2622521 0.2622521 0.2622521 0.2310404 0.2310404 0.2310404 0.1901899 0.1901899 0.2716973 0.2716973 0.2716973 0.1767156 0.1767156 0.1767156 -9999 -9999 -9999 -9999 -9999 -9999 -9999 -9999 0.2266875 0.2266875 0.2160404 0.2160404 0.2160404 -9999 -9999 0.2155915 0.2155915 0.2155915 0.2217019 0.2217019 0.2217019 0.3702976 0.3702976 0.340829 0.340829 0.340829 0.3103884 0.3103884
0.1553948 0.1553948 0.1553948 0.1824888 0.1824888 0.2487344 0.2487344 0.2487344 0.4043133 0.4043133 0.4043133 0.2012245 0.2012245 0.3449318 0.3449318 0.3449318 0.4444852 0.4444852 0.3512746 0.3512746 0.3512746 0.1695888 0.1695888 0.1695888 -9999 -9999 0.2622521 0.2622521 0.2622521 0.2310404 0.2310404 0.2310404 0.1901899 0.1901899 0.2524073 0.2524073 0.2524073 0.2232365 0.2232365 0.2232365 0.2530538 0.2530538 0.2278065 0.2278065 0.2278065 0.1699389 0.1699389 0.1699389 0.2266875 0.2266875 0.2160404 0.2160404 0.2160404 -9999 -9999 0.2155915 0.2155915 0.2155915 0.2217019 0.2217019 0.2217019 0.3702976 0.3702976 0.340829 0.340829 0.340829 0.3103884 0.3103884
0.1553948 0.1553948 0.1553948 0.1824888 0.1824888 0.2487344 0.2487344 0.2487344 0.4043133 0.4043133 0.4043133 0.2012245 0.2012245 0.3449318 0.3449318 0.3449318 0.4444852 0.4444852 0.4444852 0.1680949 0.1680949 0.2487345 0.2487345 0.2487345 0.3674247 0.3674247 0.2116325 0.2116325 0.2116325 0.3228155 0.3228155 0.3228155 0.1839566 0.1839566 0.2524073 0.2524073 0.2524073 0.2232365 0.2232365 0.2232365 0.2530538 0.2530538 0.2278065 0.2278065 0.2278065 0.1699389 0.1699389 0.1699389 0.2266875 0.2266875 0.2160404 0.2160404 0.2160404 -9999 -9999 -9999 0.2155915 -9999 0.2926267 0.2926267 0.2926267 -9999 -9999 0.4648242 0.4648242 0.4648242 0.4183261 0.4183261
0.1553948 0.1553948 0.1553948 0.1824888 0.1824888 0.4300632 0.4300632 0.4300632 0.2823389 0.2823389 0.2823389 0.22459 0.22459 0.2890545 0.2890545 0.2890545 0.2872509 0.2872509 0.2872509 0.1680949 0.1680949 0.2487345 0.2487345 0.2487345 0.3674247 0.3674247 0.3674247 0.2116325 0.2116325 0.3228155 0.3228155 0.3228155 0.1839566 0.1839566 0.2524073 0.2524073 0.2524073 0.2232365 0.2232365 0.2232365 0.2530538 0.2530538 0.2278065 0.2008906 0.2008906 0.22293 0.22293 0.22293 0.2460198 0.2460198 -9999 -9999 -9999 -9999 -9999 -9999 -9999 -9999 0.2926267 0.2926267 0.2926267 -9999 -9999 -9999 0.4648242 0.4648242 0.4183261 0.4183261
0.5660438 0.5660438 0.5660438 0.1938341 0.1938341 0.4300632 0.4300632 0.4300632 0.2823389 0.2823389 0.2823389 0.22459 0.22459 0.2890545 0.2890545 0.2890545 0.2872509 0.2872509 0.2872509 0.1680949 0.1680949 0.2487345 0.2487345 0.2487345 0.3674247 0.3674247 0.3674247 0.2116325 0.2303703 0.3317901 0.3317901 0.3317901 0.2265784 0.2265784 0.2257601 0.2257601 0.2257601 0.3203739 0.3203739 0.3203739 0.2226232 0.2226232 0.2008906 0.2008906 0.2008906 0.22293 0.22293 0.22293 0.2460198 0.2460198 -9999 -9999 -9999 -9999 -9999 -9999 -9999 -9999 0.2926267 0.2926267 0.2926267 -9999 -9999 -9999 0.4648242 0.4648242 0.1701658 0.1701658
0.5660438 0.5660438 0.5660438 0.1938341 0.1938341 0.1938341 0.4300632 0.4300632 0.2823389 0.2823389 0.2823389 0.22459 0.22459 0.2890545 0.1238998 0.1238998 0.2295259 0.2295259 0.2295259 0.1424896 0.1424896 0.2456166 0.2456166 0.2456166 0.1487025 0.1487025 0.1487025 0.2303703 0.2303703 0.3317901 0.3317901 0.3317901 0.2265784 0.2265784 0.2265784 0.2257601 0.2257601 0.3203739 0.3203739 0.3203739 0.2226232 0.2226232 0.2008906 0.2008906 0.2008906 0.22293 0.22293 0.22293 0.2460198 0.2460198 -9999 -9999 -9999 -9999 -9999 -9999 -9999 -9999 0.3757739 0.3757739 0.3757739 0.572622 0.572622 0.572622 -9999 -9999 0.1701658 0.1701658
0.6613311 0.6613311 0.6613311 0.0967857 0.0967857 0.0967857 0.3576787 0.3576787 0.3352156 0.3352156 0.3352156 0.1641157 0.1641157 0.1641157 0.1238998 0.1238998 0.2295259 0.2295259 0.2295259 0.1424896 0.1424896 0.2456166 0.2456166 0.2456166 0.1487025 0.1487025 0.1487025 0.2303703 0.2303703 0.3317901 0.3317901 0.3317901 0.2265784 0.2265784 0.2265784 0.2257601 0.2257601 0.3203739 0.3558871 0.3558871 0.2006777 0.2006777 0.2006777 0.2109697 0.2109697 0.2302296 0.2302296 0.2302296 -9999 -9999 -9999 -9999 -9999 -9999 -9999 -9999 -9999 -9999 0.3757739 0.3757739 0.3757739 0.572622 0.572622 0.572622 -9999 -9999 0.1701658 0.1701658
0.6613311 0.6613311 0.6613311 0.0967857 0.0967857 0.0967857 0.3576787 0.3576787 0.3352156 0.3352156 0.3352156 0.1641157 0.1641157 0.1641157 0.1238998 0.1238998 0.2295259 0.2295259 0.2295259 0.1424896 0.1424896 0.1424896 0.2456166 0.2846279 0.3503794 0.3503794 0.3503794 0.3126711 0.3126711 0.5549545 0.5549545 0.5549545 0.1422853 0.1422853 0.1422853 -9999 -9999 0.3558871 0.3558871 0.3558871 0.2006777 0.2006777 0.2006777 0.2109697 0.2109697 0.2302296 0.2302296 0.2302296 -9999 -9999 -9999 -9999 -9999 -9999 -9999 -9999 -9999 -9999 -9999 0.3757739 0.3757739 0.4850327 0.4850327 0.4850327 0.5761138 0.5761138 -9999 -9999
0.6613311 0.6613311 0.6613311 0.0967857 0.0967857 0.0967857 0.3576787 0.3576787 0.3352156 0.2918246 0.2918246 0.3583164 0.3583164 0.3583164 0.3335287 0.3335287 0.3328 0.3328 0.3328 0.445107 0.445107 0.445107 0.2846279 0.2846279 0.3503794 0.3503794 0.3503794 0.3126711 0.3126711 0.5549545 0.5549545 0.5549545 0.1422853 0.1422853 0.1422853 -9999 -9999 0.3558871 0.3558871 0.3558871 0.2006777 0.2006777 0.2006777 0.2109697 0.2109697 0.2302296 0.2302296 0.2110872 0.3051161 0.3051161 0.3051161 0.3261303 0.3261303 0.2622885 0.2622885 0.2622885 0.300905 0.300905 0.300905 -9999 -9999 0.4850327 0.4850327 0.4850327 0.5761138 0.5761138 0.5761138 -9999
0.2954238 0.321909 0.321909 0.3284633 0.3284633 0.3284633 0.2855859 0.2855859 0.2918246 0.2918246 0.2918246 0.3583164 0.3583164 0.3583164 0.3335287 0.3335287 0.3328 0.3328 0.3328 0.445107 0.445107 0.445107 0.2846279 0.2846279 0.3503794 0.3503794 0.3503794 0.3126711 0.3126711 0.3126711 0.5549545 0.5549545 0.225989 0.225989 0.225989 0.1574246 0.1574246 0.4786616 0.4786616 0.4786616 0.2237634 0.2237634 0.2237634 0.2543688 0.2543688 0.2110872 0.2110872 0.2110872 0.3051161 0.3051161 0.3051161 0.3261303 0.3261303 0.2622885 0.2622885 0.2622885 0.300905 0.300905 0.300905 -9999 -9999 0.4850327 0.4850327 0.4850327 0.5761138 0.5761138 0.5761138 -9999
0.2954238 0.321909 0.321909 0.3284633 0.3284633 0.3284633 0.2855859 0.2855859 0.2855859 0.2918246 0.2918246 0.3583164 0.3583164 0.3583164 0.3335287 0.3335287 0.3328 0.3328 0.3170859 0.2826554 0.2826554 0.2826554 0.3027314 0.3027314 0.3015941 0.3015941 0.3015941 0.4417882 0.4417882 0.4417882 0.4417327 0.4417327 0.225989 0.225989 0.225989 0.1574246 0.1574246 0.1574246 0.4786616 0.4786616 0.2237634 0.2237634 0.2237634 0.2543688 0.2543688 0.2110872 0.2110872 0.2110872 0.3051161 0.3051161 0.3051161 0.3261303 0.3261303 0.2622885 0.2622885 0.2622885 0.242505 0.242505 0.242505 0.2508983 0.2508983 -9999 -9999 -9999 -9999 -9999 -9999 -9999
0.2954238 0.321909 0.321909 0.3284633 0.3538809 0.3538809 0.3230403 0.3230403 0.3230403 0.3073401 0.3073401 0.3743461 0.3743461 0.3743461 0.3022323 0.3022323 0.3022323 0.3170859 0.3170859 0.2826554 0.2826554 0.2826554 0.3027314 0.3027314 0.3015941 0.3015941 0.3015941 0.4417882 0.4417882 0.4417882 0.4417327 0.4417327 0.225989 0.225989 0.225989 0.1574246 0.1574246 0.1574246 0.4786616 0.4786616 0.2237634 0.2237634 0.24797 0.1642677 0.1642677 0.1642677 0.2077207 0.2077207 0.4544227 0.4544227 0.4544227 0.2394716 0.2394716 -9999 -9999 -9999 0.242505 0.242505 0.242505 0.2508983 0.2508983 -9999 -9999 -9999 -9999 -9999 -9999 -9999
0.2021038 0.3399543 0.3399543 0.3538809 0.3538809 0.3538809 0.3230403 0.3230403 0.3230403 0.3073401 0.3073401 0.3743461 0.3743461 0.3743461 0.3022323 0.3022323 0.3022323 0.3170859 0.3170859 0.2826554 0.2826554 0.2826554 0.3027314 0.3027314 0.3015941 0.3015941 0.3015941 0.4897085 0.4897085 0.4897085 0.1071909 0.1071909 0.1258738 0.1258738 0.1258738 0.1906859 0.1906859 0.1906859 0.2158845 0.2158845 0.24797 0.24797 0.24797 0.1642677 0.1642677 0.1642677 0.2077207 0.2077207 0.4544227 0.4544227 0.4544227 0.2394716 0.2394716 0.2394716 -9999 -9999 0.242505 0.242505 0.242505 0.2508983 0.2508983 0.2508983 -9999 -9999 -9999 -9999 -9999 -9999
