Spatial_Data/Zonation/functional_diversity.asc
ncols         303
nrows         253
xllcorner     -19187.9811
yllcorner     3899999.9999
cellsize      3800
NODATA_value  -9999
[rows 31 to 61 of 253, columns 136 to 203 of 303]
0.3043188 0.4600232 0.4600232 0.3404711 0.3404711 0.3404711 0.2705341 0.2705341 0.2705341 0.3295166 0.3295166 0.3123348 0.3123348 0.3123348 0.3621597 0.3621597 0.1863649 0.1863649 0.1863649 0.248783 0.248783 0.248783 0.1152265 0.1152265 0.1942686 0.1942686 0.1942686 0.6842369 0.6842369 0.6842369 0.3560438 0.3560438 0.3188408 0.3188408 0.3188408 0.3570403 0.3570403 0.231536 0.231536 0.231536 -9999 -9999 -9999 -9999 -9999 -9999 -9999 -9999 0.3590735 0.3590735 0.3590735 -9999 -9999 0.3623662 0.3623662 0.3623662 0.2390972 0.2390972 0.2390972 -9999 -9999 -9999 -9999 -9999 -9999 -9999 -9999 -9999
0.3470424 0.3465546 0.3465546 0.3018638 0.3018638 0.3018638 0.3172489 0.3172489 0.3172489 0.2257648 0.2257648 0.2340329 0.2340329 0.2340329 0.3470477 0.3470477 0.3067362 0.3067362 0.3067362 0.3449834 0.3449834 0.3449834 0.3594199 0.3594199 0.1862369 0.1862369 0.1862369 0.2685278 0.2685278 0.2685278 0.526332 0.526332 0.2807948 0.2807948 0.2807948 0.3370353 0.3370353 0.3707015 0.3707015 0.3707015 0.4684975 0.4684975 0.4684975 0.2729233 0.2729233 -9999 -9999 -9999 0.3522302 0.3522302 0.3522302 -9999 -9999 -9999 -9999 -9999 0.3806266 0.3806266 0.3806266 -9999 -9999 -9999 -9999 -9999 -9999 -9999 -9999 -9999
0.3470424 0.3465546 0.3465546 0.3018638 0.3018638 0.3018638 0.3172489 0.3172489 0.3172489 0.2257648 0.2257648 0.2340329 0.2340329 0.2340329 0.3470477 0.3470477 0.3067362 0.3067362 0.3067362 0.3449834 0.3449834 0.3449834 0.3594199 0.3594199 0.1862369 0.1862369 0.1862369 0.2685278 0.2685278 0.2685278 0.526332 0.526332 0.2807948 0.2807948 0.2807948 0.3370353 0.3370353 0.3707015 0.3707015 0.3707015 0.4684975 0.4684975 0.4684975 0.2729233 0.2729233 -9999 -9999 -9999 0.3522302 0.3522302 0.3522302 -9999 -9999 -9999 -9999 -9999 0.3806266 0.3806266 0.3806266 -9999 -9999 -9999 -9999 -9999 -9999 -9999 -9999 -9999
0.3470424 0.3465546 0.3465546 0.3018638 0.3018638 0.3018638 0.3172489 0.3172489 0.3172489 0.2257648 0.2257648 0.2340329 0.2340329 0.2340329 0.3470477 0.3470477 0.3067362 0.3067362 0.3067362 0.3449834 0.3449834 0.3449834 0.3594199 0.3594199 0.1862369 0.1862369 0.1862369 0.2685278 0.2685278 0.2685278 0.526332 0.526332 0.2807948 0.2807948 0.2807948 0.3370353 0.3370353 0.3707015 0.3707015 0.3707015 0.4684975 0.4684975 0.4684975 0.2729233 0.2729233 -9999 -9999 -9999 0.3522302 0.3522302 0.3522302 -9999 -9999 -9999 -9999 -9999 0.3806266 0.3806266 0.3806266 -9999 -9999 -9999 -9999 -9999 -9999 -9999 0.2365447 0.249723
0.4258692 0.2812054 0.2812054 0.3636985 0.3636985 0.3636985 0.3214428 0.3214428 0.3214428 0.3111299 0.3111299 0.3286599 0.3286599 0.3286599 0.3596684 0.3596684 0.1484505 0.1484505 0.1484505 0.3212016 0.3212016 0.3212016 0.3128773 0.3128773 0.3293847 0.3293847 0.3293847 0.3202522 0.3202522 0.3202522 0.3021832 0.3021832 0.3157303 0.3157303 0.3157303 0.2685021 0.2685021 0.4652995 0.4652995 0.4652995 0.4034549 0.4034549 0.4034549 0.2838788 0.2838788 0.5605652 0.5605652 0.5605652 -9999 -9999 -9999 0.28604 0.28604 -9999 -9999 -9999 -9999 -9999 -9999 -9999 -9999 -9999 -9999 -9999 -9999 0.2365447 0.2365447 0.249723
0.4258692 0.2812054 0.2812054 0.3636985 0.3636985 0.3636985 0.3214428 0.3214428 0.3214428 0.3111299 0.3111299 0.3286599 0.3286599 0.3286599 0.3596684 0.3596684 0.1484505 0.1484505 0.1484505 0.3212016 0.3212016 0.3212016 0.3128773 0.3128773 0.3293847 0.3293847 0.3293847 0.3202522 0.3202522 0.3202522 0.3021832 0.3021832 0.3157303 0.3157303 0.3157303 0.2685021 0.2685021 0.4652995 0.4652995 0.4652995 0.4034549 0.4034549 0.4034549 0.2838788 0.2838788 0.5605652 0.5605652 0.5605652 -9999 -9999 -9999 0.28604 0.28604 -9999 -9999 -9999 -9999 -9999 -9999 -9999 -9999 -9999 -9999 -9999 -9999 0.2365447 0.2365447 0.249723
0.3067818 0.3074405 0.3074405 0.3278785 0.3278785 0.3278785 0.4514115 0.4514115 0.4514115 0.2739574 0.2739574 0.2989611 0.2989611 0.2989611 0.2829951 0.2829951 0.2272944 0.2272944 0.2272944 0.2901824 0.2901824 0.2901824 0.3903978 0.3903978 0.2862014 0.2862014 0.2862014 0.2560916 0.2560916 0.2560916 0.3193588 0.3193588 0.2565074 0.2565074 0.2565074 0.5332797 0.5332797 0.3150152 0.3150152 0.3150152 0.4720354 0.4720354 0.4720354 -9999 -9999 0.4196372 0.4196372 0.4196372 0.327457 0.327457 0.327457 0.3319737 0.3319737 0.3933633 0.3933633 0.3933633 0.4475666 0.4475666 0.4475666 0.3748263 0.3748263 -9999 -9999 -9999 -9999 0.1356391 0.1356391 0.327212
0.3067818 0.3074405 0.3074405 0.3278785 0.3278785 0.3278785 0.4514115 0.4514115 0.4514115 0.2739574 0.2739574 0.2989611 0.2989611 0.2989611 0.2829951 0.2829951 0.2272944 0.2272944 0.2272944 0.2901824 0.2901824 0.2901824 0.3903978 0.3903978 0.2862014 0.2862014 0.2862014 0.2560916 0.2560916 0.2560916 0.3193588 0.3193588 0.2565074 0.2565074 0.2565074 0.5332797 0.5332797 0.3150152 0.3150152 0.3150152 0.4720354 0.4720354 0.4720354 -9999 -9999 0.4196372 0.4196372 0.4196372 0.327457 0.327457 0.327457 0.3319737 0.3319737 0.3933633 0.3933633 0.3933633 0.4475666 0.4475666 0.4475666 0.3748263 0.3748263 -9999 -9999 -9999 -9999 0.1356391 0.1356391 0.327212
0.3067818 0.3074405 0.3074405 0.3278785 0.3278785 0.3278785 0.4514115 0.4514115 0.4514115 0.2739574 0.2739574 0.2989611 0.2989611 0.2989611 0.2829951 0.2829951 0.2272944 0.2272944 0.2272944 0.2901824 0.2901824 0.2901824 0.3903978 0.3903978 0.2862014 0.2862014 0.2862014 0.2560916 0.2560916 0.2560916 0.3193588 0.3193588 0.2565074 0.2565074 0.2565074 0.5332797 0.5332797 0.3150152 0.3150152 0.3150152 0.4720354 0.4720354 0.4720354 -9999 -9999 0.4196372 0.4196372 0.4196372 0.327457 0.327457 0.327457 0.3319737 0.3319737 0.3933633 0.3933633 0.3933633 0.4475666 0.4475666 0.4475666 0.3748263 0.3748263 -9999 -9999 -9999 -9999 0.1356391 0.1356391 0.327212
0.3743519 0.3006045 0.3006045 0.3592259 0.3592259 0.3592259 0.3156894 0.3156894 0.3156894 0.2346071 0.2346071 0.2639526 0.2639526 0.2639526 0.2924012 0.2924012 0.2694343 0.2694343 0.2694343 0.287157 0.287157 0.287157 0.5307051 0.5307051 0.5880464 0.5880464 0.5880464 0.5025072 0.5025072 0.5025072 0.2679204 0.2679204 0.3092299 0.3092299 0.3092299 0.2829099 0.2829099 0.6502361 0.6502361 0.6502361 0.2769537 0.2769537 0.2769537 -9999 -9999 -9999 -9999 -9999 -9999 -9999 -9999 -9999 -9999 -9999 -9999 -9999 0.1189062 0.1189062 0.1189062 0.2372267 0.2372267 -9999 -9999 -9999 -9999 -9999 -9999 -9999
0.3743519 0.3006045 0.3006045 0.3592259 0.3592259 0.3592259 0.3156894 0.3156894 0.3156894 0.2346071 0.2346071 0.2639526 0.2639526 0.2639526 0.2924012 0.2924012 0.2694343 0.2694343 0.2694343 0.287157 0.287157 0.287157 0.5307051 0.5307051 0.5880464 0.5880464 0.5880464 0.5025072 0.5025072 0.5025072 0.2679204 0.2679204 0.3092299 0.3092299 0.3092299 0.2829099 0.2829099 0.6502361 0.6502361 0.6502361 0.2769537 0.2769537 0.2769537 -9999 -9999 -9999 -9999 -9999 -9999 -9999 -9999 -9999 -9999 -9999 -9999 -9999 0.1189062 0.1189062 0.1189062 0.2372267 0.2372267 -9999 -9999 -9999 -9999 -9999 -9999 -9999
0.1207836 0.2889093 0.2889093 0.2580806 0.2580806 0.2580806 0.2522035 0.2522035 0.2522035 0.3311154 0.3311154 0.3346657 0.3346657 0.3346657 0.3440618 0.3440618 0.2800539 0.2800539 0.2800539 0.2988875 0.2988875 0.2988875 0.5172164 0.5172164 0.4821725 0.4821725 0.4821725 0.5112568 0.5112568 0.5112568 0.2784753 0.2784753 0.2547137 0.2547137 0.2547137 0.3618828 0.3618828 0.3525346 0.3525346 0.3525346 -9999 -9999 -9999 -9999 -9999 -9999 -9999 -9999 0.2544126 0.2544126 0.2544126 -9999 -9999 -9999 -9999 -9999 0.2306519 0.2306519 0.2306519 -9999 -9999 -9999 -9999 -9999 -9999 -9999 0.174018 0.1305035
0.1207836 0.2889093 0.2889093 0.2580806 0.2580806 0.2580806 0.2522035 0.2522035 0.2522035 0.3311154 0.3311154 0.3346657 0.3346657 0.3346657 0.3440618 0.3440618 0.2800539 0.2800539 0.2800539 0.2988875 0.2988875 0.2988875 0.5172164 0.5172164 0.4821725 0.4821725 0.4821725 0.5112568 0.5112568 0.5112568 0.2784753 0.2784753 0.2547137 0.2547137 0.2547137 0.3618828 0.3618828 0.3525346 0.3525346 0.3525346 -9999 -9999 -9999 -9999 -9999 -9999 -9999 -9999 0.2544126 0.2544126 0.2544126 -9999 -9999 -9999 -9999 -9999 0.2306519 0.2306519 0.2306519 -9999 -9999 -9999 -9999 -9999 -9999 -9999 0.174018 0.1305035
0.1207836 0.2889093 0.2889093 0.2580806 0.2580806 0.2580806 0.2522035 0.2522035 0.2522035 0.3311154 0.3311154 0.3346657 0.3346657 0.3346657 0.3440618 0.3440618 0.2800539 0.2800539 0.2800539 0.2988875 0.2988875 0.2988875 0.5172164 0.5172164 0.4821725 0.4821725 0.4821725 0.5112568 0.5112568 0.5112568 0.2784753 0.2784753 0.2547137 0.2547137 0.2547137 0.3618828 0.3618828 0.3525346 0.3525346 0.3525346 -9999 -9999 -9999 -9999 -9999 -9999 -9999 -9999 0.2544126 0.2544126 0.2544126 -9999 -9999 -9999 -9999 -9999 0.2306519 0.2306519 0.2306519 -9999 -9999 -9999 -9999 -9999 -9999 -9999 0.174018 0.174018
0.2208542 0.2836644 0.2836644 0.3763171 0.3763171 0.3763171 0.5578158 0.5578158 0.5578158 0.2921615 0.2921615 0.2158913 0.2158913 0.2158913 0.2144285 0.2144285 0.2947097 0.2947097 0.2947097 0.3066224 0.3066224 0.3066224 0.2857986 0.2857986 0.2857945 0.2857945 0.2857945 0.5115 0.5115 0.5115 0.5050351 0.5050351 0.4700785 0.4700785 0.4700785 0.3108935 0.3108935 0.5681294 0.5681294 0.5681294 0.1677142 0.1677142 0.1677142 -9999 -9999 0.1997114 0.1997114 0.1997114 0.1629338 0.1629338 0.1629338 0.229878 0.229878 0.1671282 0.1671282 0.1671282 0.2929924 0.2929924 0.2929924 0.1339333 0.1339333 0.1140761 0.1140761 0.1140761 0.370117 0.370117 0.2243604 0.2243604
0.2208542 0.2836644 0.2836644 0.3763171 0.3763171 0.3763171 0.5578158 0.5578158 0.5578158 0.2921615 0.2921615 0.2158913 0.2158913 0.2158913 0.2144285 0.2144285 0.2947097 0.2947097 0.2947097 0.3066224 0.3066224 0.3066224 0.2857986 0.2857986 0.2857945 0.2857945 0.2857945 0.5115 0.5115 0.5115 0.5050351 0.5050351 0.4700785 0.4700785 0.4700785 0.3108935 0.3108935 0.5681294 0.5681294 0.5681294 0.1677142 0.1677142 0.1677142 -9999 -9999 0.1997114 0.1997114 0.1997114 0.1629338 0.1629338 0.1629338 0.229878 0.229878 0.1671282 0.1671282 0.1671282 0.2929924 0.2929924 0.2929924 0.1339333 0.1339333 0.1140761 0.1140761 0.1140761 0.370117 0.370117 0.2243604 0.2243604
0.2208542 0.2836644 0.2836644 0.3763171 0.3763171 0.3763171 0.5578158 0.5578158 0.5578158 0.2921615 0.2921615 0.2158913 0.2158913 0.2158913 0.2144285 0.2144285 0.2947097 0.2947097 0.2947097 0.3066224 0.3066224 0.3066224 0.2857986 0.2857986 0.2857945 0.2857945 0.2857945 0.5115 0.5115 0.5115 0.5050351 0.5050351 0.4700785 0.4700785 0.4700785 0.3108935 0.3108935 0.5681294 0.5681294 0.5681294 0.1677142 0.1677142 0.1677142 -9999 -9999 0.1997114 0.1997114 0.1997114 0.1629338 0.1629338 0.1629338 0.229878 0.229878 0.1671282 0.1671282 0.1671282 0.2929924 0.2929924 0.2929924 0.1339333 0.1339333 0.1140761 0.1140761 0.1140761 0.370117 0.370117 0.2243604 0.2243604
0.3836912 0.4629083 0.4629083 0.3792148 0.3792148 0.3792148 0.1595059 0.1595059 0.1595059 0.2098134 0.2098134 0.2534684 0.2534684 0.2534684 0.2409345 0.2409345 0.2167614 0.2167614 0.2167614 0.2766082 0.2766082 0.2766082 0.229846 0.229846 0.315048 0.315048 0.315048 0.6164303 0.6164303 0.6164303 0.5085597 0.5085597 0.4680489 0.4680489 0.4680489 0.2565864 0.2565864 0.4550408 0.4550408 0.4550408 0.2310224 0.2310224 0.2310224 0.1659455 0.1659455 0.2116808 0.2116808 0.2116808 0.21618 0.21618 0.21618 0.2297843 0.2297843 0.4199861 0.4199861 0.4199861 0.3348283 0.3348283 0.3348283 0.3263845 0.3263845 0.4438965 0.4438965 0.4438965 0.4939696 0.4939696 0.3670589 0.3670589
0.3836912 0.4629083 0.4629083 0.3792148 0.3792148 0.3792148 0.1595059 0.1595059 0.1595059 0.2098134 0.2098134 0.2534684 0.2534684 0.2534684 0.2409345 0.2409345 0.2167614 0.2167614 0.2167614 0.2766082 0.2766082 0.2766082 0.229846 0.229846 0.315048 0.315048 0.315048 0.6164303 0.6164303 0.6164303 0.5085597 0.5085597 0.4680489 0.4680489 0.4680489 0.2565864 0.2565864 0.4550408 0.4550408 0.4550408 0.2310224 0.2310224 0.2310224 0.1659455 0.1659455 0.2116808 0.2116808 0.2116808 0.21618 0.21618 0.21618 0.2297843 0.2297843 0.4199861 0.4199861 0.4199861 0.3348283 0.3348283 0.3348283 0.3263845 0.3263845 0.4438965 0.4438965 0.4438965 0.4939696 0.4939696 0.3670589 0.3670589
0.3106929 0.3731043 0.3731043 0.3440107 0.3440107 0.3440107 -9999 -9999 -9999 0.3261695 0.3261695 -9999 -9999 -9999 0.2944732 0.2944732 0.2926957 0.2926957 0.2926957 0.2493988 0.2493988 0.2493988 0.1421271 0.1421271 0.2384732 0.2384732 0.2384732 0.4170271 0.4170271 0.4170271 0.5217062 0.5217062 0.2399998 0.2399998 0.2399998 0.2726426 0.2726426 0.4489114 0.4489114 0.4489114 0.3101372 0.3101372 0.3101372 0.3168379 0.3168379 0.3249553 0.3249553 0.3249553 0.2546536 0.2546536 0.2546536 0.2743593 0.2743593 0.3399036 0.3399036 0.3399036 0.3213753 0.3213753 0.3213753 0.3240553 0.3240553 0.2814826 0.2814826 0.2814826 -9999 -9999 -9999 -9999
0.3106929 0.3731043 0.3731043 0.3440107 0.3440107 0.3440107 -9999 -9999 -9999 0.3261695 0.3261695 -9999 -9999 -9999 0.2944732 0.2944732 0.2926957 0.2926957 0.2926957 0.2493988 0.2493988 0.2493988 0.1421271 0.1421271 0.2384732 0.2384732 0.2384732 0.4170271 0.4170271 0.4170271 0.5217062 0.5217062 0.2399998 0.2399998 0.2399998 0.2726426 0.2726426 0.4489114 0.4489114 0.4489114 0.3101372 0.3101372 0.3101372 0.3168379 0.3168379 0.3249553 0.3249553 0.3249553 0.2546536 0.2546536 0.2546536 0.2743593 0.2743593 0.3399036 0.3399036 0.3399036 0.3213753 0.3213753 0.3213753 0.3240553 0.3240553 0.2814826 0.2814826 0.2814826 -9999 -9999 -9999 -9999
0.3106929 0.3731043 0.3731043 0.3440107 0.3440107 0.3440107 -9999 -9999 -9999 0.3261695 0.3261695 -9999 -9999 -9999 0.2944732 0.2944732 0.2926957 0.2926957 0.2926957 0.2493988 0.2493988 0.2493988 0.1421271 0.1421271 0.2384732 0.2384732 0.2384732 0.4170271 0.4170271 0.4170271 0.5217062 0.5217062 0.2399998 0.2399998 0.2399998 0.2726426 0.2726426 0.4489114 0.4489114 0.4489114 0.3101372 0.3101372 0.3101372 0.3168379 0.3168379 0.3249553 0.3249553 0.3249553 0.2546536 0.2546536 0.2546536 0.2743593 0.2743593 0.3399036 0.3399036 0.3399036 0.3213753 0.3213753 0.3213753 0.3240553 0.3240553 0.2814826 0.2814826 0.2814826 -9999 -9999 -9999 -9999
-9999 -9999 -9999 0.229715 0.229715 0.229715 0.5873004 0.5873004 0.5873004 -9999 -9999 0.3354412 0.3354412 0.3354412 0.4361399 0.4361399 0.3498911 0.3498911 0.3498911 0.2427073 0.2427073 0.2427073 0.0749796 0.0749796 0.2116011 0.2116011 0.2116011 0.2403743 0.2403743 0.2403743 0.2634479 0.2634479 0.3105217 0.3105217 0.3105217 0.2157792 0.2157792 0.3441422 0.3441422 0.3441422 0.2593484 0.2593484 0.2593484 0.2478961 0.2478961 0.2817723 0.2817723 0.2817723 0.4651799 0.4651799 0.4651799 0.4885255 0.4885255 0.2816718 0.2816718 0.2816718 0.2790321 0.2790321 0.2790321 0.3013609 0.3013609 0.6425108 0.6425108 0.6425108 0.3147082 0.3147082 0.252165 0.252165
-9999 -9999 -9999 0.229715 0.229715 0.229715 0.5873004 0.5873004 0.5873004 -9999 -9999 0.3354412 0.3354412 0.3354412 0.4361399 0.4361399 0.3498911 0.3498911 0.3498911 0.2427073 0.2427073 0.2427073 0.0749796 0.0749796 0.2116011 0.2116011 0.2116011 0.2403743 0.2403743 0.2403743 0.2634479 0.2634479 0.3105217 0.3105217 0.3105217 0.2157792 0.2157792 0.3441422 0.3441422 0.3441422 0.2593484 0.2593484 0.2593484 0.2478961 0.2478961 0.2817723 0.2817723 0.2817723 0.4651799 0.4651799 0.4651799 0.4885255 0.4885255 0.2816718 0.2816718 0.2816718 0.2790321 0.2790321 0.2790321 0.3013609 0.3013609 0.6425108 0.6425108 0.6425108 0.3147082 0.3147082 0.252165 0.252165
-9999 -9999 -9999 0.229715 0.229715 0.229715 0.5873004 0.5873004 0.5873004 -9999 -9999 0.3354412 0.3354412 0.3354412 0.4361399 0.4361399 0.3498911 0.3498911 0.3498911 0.2427073 0.2427073 0.2427073 0.0749796 0.0749796 0.2116011 0.2116011 0.2116011 0.2403743 0.2403743 0.2403743 0.2634479 0.2634479 0.3105217 0.3105217 0.3105217 0.2157792 0.2157792 0.3441422 0.3441422 0.3441422 0.2593484 0.2593484 0.2593484 0.2478961 0.2478961 0.2817723 0.2817723 0.2817723 0.4651799 0.4651799 0.4651799 0.4885255 0.4885255 0.2816718 0.2816718 0.2816718 0.2790321 0.2790321 0.2790321 0.3013609 0.3013609 0.6425108 0.6425108 0.6425108 0.3147082 0.3147082 0.252165 0.252165
-9999 -9999 -9999 -9999 -9999 -9999 -9999 -9999 -9999 -9999 -9999 0.2924276 0.2924276 0.2924276 0.2316777 0.2316777 0.298813 0.298813 0.298813 0.2843895 0.2843895 0.2843895 0.2295976 0.2295976 0.2699345 0.2699345 0.2699345 0.2864354 0.2864354 0.2864354 0.4399489 0.4399489 0.1832309 0.1832309 0.1832309 0.5533429 0.5533429 0.3253818 0.3253818 0.3253818 0.2305116 0.2305116 0.2305116 0.3693242 0.3693242 -9999 -9999 -9999 0.2403092 0.2403092 0.2403092 0.5964978 0.5964978 0.3005132 0.3005132 0.3005132 0.3706858 0.3706858 0.3706858 0.3751972 0.3751972 0.2742212 0.2742212 0.2742212 0.2441178 0.2441178 0.5563438 0.5563438
-9999 -9999 -9999 -9999 -9999 -9999 -9999 -9999 -9999 -9999 -9999 0.2924276 0.2924276 0.2924276 0.2316777 0.2316777 0.298813 0.298813 0.298813 0.2843895 0.2843895 0.2843895 0.2295976 0.2295976 0.2699345 0.2699345 0.2699345 0.2864354 0.2864354 0.2864354 0.4399489 0.4399489 0.1832309 0.1832309 0.1832309 0.5533429 0.5533429 0.3253818 0.3253818 0.3253818 0.2305116 0.2305116 0.2305116 0.3693242 0.3693242 -9999 -9999 -9999 0.2403092 0.2403092 0.2403092 0.5964978 0.5964978 0.3005132 0.3005132 0.3005132 0.3706858 0.3706858 0.3706858 0.3751972 0.3751972 0.2742212 0.2742212 0.2742212 0.2441178 0.2441178 0.5563438 0.5563438
-9999 -9999 -9999 0.2368539 0.2368539 0.2368539 0.4112914 0.4112914 0.4112914 0.09656341 0.09656341 0.3045426 0.3045426 0.3045426 0.5817761 0.5817761 0.3356558 0.3356558 0.3356558 0.3276847 0.3276847 0.3276847 0.262841 0.262841 0.2985131 0.2985131 0.2985131 0.2946102 0.2946102 0.2946102 0.3438552 0.3438552 0.3321504 0.3321504 0.3321504 0.4350299 0.4350299 0.2692178 0.2692178 0.2692178 0.1317866 0.1317866 0.1317866 -9999 -9999 0.1250571 0.1250571 0.1250571 0.4794878 0.4794878 0.4794878 0.5800197 0.5800197 0.3581184 0.3581184 0.3581184 0.2589314 0.2589314 0.2589314 0.2680178 0.2680178 0.2937856 0.2937856 0.2937856 0.267219 0.267219 0.2954238 0.2954238
-9999 -9999 -9999 0.2368539 0.2368539 0.2368539 0.4112914 0.4112914 0.4112914 0.09656341 0.09656341 0.3045426 0.3045426 0.3045426 0.5817761 0.5817761 0.3356558 0.3356558 0.3356558 0.3276847 0.3276847 0.3276847 0.262841 0.262841 0.2985131 0.2985131 0.2985131 0.2946102 0.2946102 0.2946102 0.3438552 0.3438552 0.3321504 0.3321504 0.3321504 0.4350299 0.4350299 0.2692178 0.2692178 0.2692178 0.1317866 0.1317866 0.1317866 -9999 -9999 0.1250571 0.1250571 0.1250571 0.4794878 0.4794878 0.4794878 0.5800197 0.5800197 0.3581184 0.3581184 0.3581184 0.2589314 0.2589314 0.2589314 0.2680178 0.2680178 0.2937856 0.2937856 0.2937856 0.267219 0.267219 0.2954238 0.2954238
-9999 -9999 -9999 0.2368539 0.2368539 0.2368539 0.4112914 0.4112914 0.4112914 0.09656341 0.09656341 0.3045426 0.3045426 0.3045426 0.5817761 0.5817761 0.3356558 0.3356558 0.3356558 0.3276847 0.3276847 0.3276847 0.262841 0.262841 0.2985131 0.2985131 0.2985131 0.2946102 0.2946102 0.2946102 0.3438552 0.3438552 0.3321504 0.3321504 0.3321504 0.4350299 0.4350299 0.2692178 0.2692178 0.2692178 0.1317866 0.1317866 0.1317866 -9999 -9999 0.1250571 0.1250571 0.1250571 0.4794878 0.4794878 0.4794878 0.5800197 0.5800197 0.3581184 0.3581184 0.3581184 0.2589314 0.2589314 0.2589314 0.2680178 0.2680178 0.2937856 0.2937856 0.2937856 0.267219 0.267219 0.2954238 0.2954238
0.4532446 0.1015644 0.1015644 0.3823779 0.3823779 0.3823779 0.3372232 0.3372232 0.3372232 0.2724158 0.2724158 0.2872821 0.2872821 0.2872821 0.6721625 0.6721625 0.3297409 0.3297409 0.3297409 0.6498333 0.6498333 0.6498333 0.2743404 0.2743404 0.2536844 0.2536844 0.2536844 0.1605484 0.1605484 0.1605484 0.01930838 0.01930838 0.2347523 0.2347523 0.2347523 0.4602873 0.4602873 0.245196 0.245196 0.245196 0.3003895 0.3003895 0.3003895 0.1926087 0.1926087 0.2777542 0.2777542 0.2777542 0.480049 0.480049 0.480049 0.4428056 0.4428056 0.1838773 0.1838773 0.1838773 0.2292331 0.2292331 0.2292331 0.208581 0.208581 0.1895446 0.1895446 0.1895446 0.3515901 0.3515901 0.2021038 0.2021038
